tree
version=v4
num_class=1
num_tree_per_iteration=1
label_index=0
max_feature_idx=2
objective=binary sigmoid:1
feature_names=vina_affinity cnn_pose_score cnn_affinity
feature_infos=[-13.336220000000001:-3.95513] [0.1209790483:0.97915929560000003] [2.9937837124:8.5489177703999992]
tree_sizes=1249 1163 1263 1254 1252 1467 1361 1470 1064 1563

Tree=0
num_leaves=11
num_cat=0
split_feature=1 0 0 1 2 0 0 0 2 1
split_gain=100.272 21.3829 11.9989 10.6478 10.2029 8.00772 7.06905 9.38765 2.50403 1.05615
threshold=0.84494844075000008 -9.4177199999999974 -5.8009999999999993 0.77560415860000009 6.0875821113500015 -7.5894899999999987 -7.9191349999999998 -8.5574099999999991 4.3793356418500009 0.58715623615000012
decision_type=2 2 2 2 2 2 2 2 2 2
left_child=1 -1 3 5 -2 6 7 9 -7 -3
right_child=4 2 -4 -5 -6 8 -8 -9 -10 -11
leaf_value=-0.81020515993843967 -0.76631455148536465 -1.1400934748363662 -0.87546443602999502 -0.95225546577987863 -0.47651275191547404 -1.2102946672447561 -0.9410791781399197 -1.393545632398085 -1.3935468835888005 -1.0092234084498533
leaf_weight=6.43180027604103 5.1271905004978171 4.2295004427432996 4.1382518410682705 4.8583766818046561 9.3517589569091779 2.9248906672000885 3.553766906261445 4.5007802546024323 6.6611547768115997 2.7892507612705231
leaf_count=20 15 19 14 18 16 14 13 25 37 11
internal_value=-0.951524 -1.08603 -1.13874 -1.17565 -0.579133 -1.21966 -1.14463 -1.20743 -1.33763 -1.08808
internal_weight=54.5667 40.0878 33.656 29.5177 14.4789 24.6593 15.0733 11.5195 9.58605 7.01875
internal_count=202 171 151 137 31 119 68 55 51 30
is_linear=0
shrinkage=1


Tree=1
num_leaves=10
num_cat=0
split_feature=1 0 1 2 2 2 0 0 0
split_gain=38.2588 47.6594 10.557 6.40777 23.2367 18.2698 17.6156 4.28331 2.56378
threshold=0.91696298120000008 -9.6853299999999987 0.40084983405000002 5.6428461074500005 5.8492164612000002 4.3174049854000005 -8.8972799999999967 -7.5241849999999983 -7.559664999999999
decision_type=2 2 2 2 2 2 2 2 2
left_child=1 -1 -3 5 -5 -4 -6 -7 -8
right_child=-2 2 3 4 6 7 8 -9 -10
leaf_value=0.41966594270787627 0.45137501826641313 -0.21572452929645336 0.19928181700287922 0.44803053934366738 0.21327031188842074 -0.017292030740614417 -0.22312454230481624 -0.21724828824056946 -0.016893711869065551
leaf_weight=11.265209048986433 11.341432496905325 4.0515534579753867 7.4967097938060787 4.7675680518150356 7.060896873474122 5.1839065551757777 4.798698529601098 6.6862518042325991 2.4985196888446772
leaf_count=20 16 23 24 11 20 23 26 38 11
internal_value=0.175802 0.117719 0.0377658 0.0644474 0.132231 -0.00249197 0.0273684 -0.129925 -0.152513
internal_weight=65.1507 53.8093 42.5441 38.4926 19.1257 19.3669 14.3581 11.8702 7.29722
internal_count=212 196 176 153 68 85 57 61 37
is_linear=0
shrinkage=0.165096


Tree=2
num_leaves=11
num_cat=0
split_feature=1 0 0 1 1 1 1 1 2 0
split_gain=26.5052 21.2911 11.1185 8.10968 5.06108 3.51554 2.58301 10.0903 2.62216 6.87643
threshold=0.84494844075000008 -9.3936749999999982 -5.8009999999999993 0.73225095870000001 0.78425449130000013 0.90529137850000019 0.67098730805000006 0.64602521065000007 5.7660169601500009 -7.9191349999999998
decision_type=2 2 2 2 2 2 2 2 2 2
left_child=1 -1 3 6 -5 -2 7 8 -3 -10
right_child=5 2 -4 4 -6 -7 -8 -9 9 -11
leaf_value=0.26949181854330995 0.2162831012365154 -0.20882181435493793 0.20743991989102301 0.2000170308919681 -0.063241875044357757 0.34382160756549474 -0.2189999090243093 0.24697399304714543 -0.20797687159741249 0.13472700047559313
leaf_weight=10.959743082523344 10.6995707154274 5.864846885204317 5.982620537281039 4.9675507843494398 3.3211629539728165 13.109605818986891 4.0163705796003333 2.3118119537830344 3.6079308390617371 2.8615377247333527
leaf_count=22 23 37 17 17 15 17 23 9 23 10
internal_value=0.14625 0.0701698 0.00383874 -0.0413571 0.0945336 0.286508 -0.101711 -0.0695465 -0.128873 -0.0563943
internal_weight=67.7028 43.8936 32.9338 26.9512 8.28871 23.8092 18.6625 14.6461 12.3343 6.46947
internal_count=213 173 151 134 32 40 102 79 70 33
is_linear=0
shrinkage=0.165096


Tree=3
num_leaves=11
num_cat=0
split_feature=1 0 1 1 2 2 0 1 2 2
split_gain=19.9794 12.33 13.4344 6.0212 5.74323 6.75625 7.158 7.68285 3.48022 2.05588
threshold=0.46399392190000005 -9.6853299999999987 0.93104758855000014 0.40084983405000002 6.2996978760000006 5.7660169601500009 -5.7739149999999997 0.66831928490000014 5.1422438621500008 5.9558782577500011
decision_type=2 2 2 2 2 2 2 2 2 2
left_child=3 -2 4 -1 5 6 7 -3 -9 -7
right_child=1 2 -4 -5 -6 9 -8 8 -10 -11
leaf_value=-0.22504441582563081 0.31028148805871386 -0.20924346030187738 0.30219673337669867 0.058715158984355656 -0.099120940331047847 0.29751266644558622 0.21601529786874818 -0.036679972542313193 0.13882338256307125 0.1472541153955868
leaf_weight=4.7746004238724691 13.126797989010809 3.712199084460738 9.597034275531767 3.5563962906599045 4.1993498131632796 4.7539607137441617 5.5856385529041352 5.51788282394409 6.9696214720606804 5.1938173621892929
leaf_count=31 17 24 12 15 21 10 13 25 23 16
internal_value=0.135331 0.169311 0.128667 -0.103912 0.0823195 0.10633 0.0548527 -0.000716759 0.0612736 0.219063
internal_weight=66.9873 58.6563 45.5295 8.331 35.9325 31.7331 21.7853 16.1997 12.4875 9.94778
internal_count=207 161 144 46 132 111 85 72 48 26
is_linear=0
shrinkage=0.165096


Tree=4
num_leaves=11
num_cat=0
split_feature=1 0 1 2 2 0 1 0 1 2
split_gain=20.3787 13.1361 11.307 11.1051 8.2619 9.7575 12.0787 5.40417 2.29525 1.00969
threshold=0.40084983405000002 -9.1611949999999975 0.92627465725000013 5.8492164612000002 5.6428461074500005 -5.8009999999999993 0.73225095870000001 -8.7444399999999991 0.45581039785000005 6.0134620666500007
decision_type=2 2 2 2 2 2 2 2 2 2
left_child=-1 8 3 4 5 6 -3 -5 -2 -10
right_child=1 2 -4 7 -6 -7 -8 -9 9 -11
leaf_value=-0.22389570586090626 0.36829253050786437 -0.20211003542462358 0.27337645233350522 0.041872811352215641 0.27378378419797611 0.19736666978804915 0.10569958198352984 -0.21869944264354868 0.13990577358926085 0.23992378198077016
leaf_weight=4.7704079449176779 3.3344577550888088 6.3169042095541954 6.9179223179817191 3.5970502942800522 5.6306090354919425 7.815326496958737 7.7230309396982193 5.4660271853208524 3.5413768142461768 12.334889307618139
leaf_count=34 6 46 9 13 10 17 26 33 8 20
internal_value=0.105044 0.13008 0.0798331 0.043199 0.0954559 0.0495121 -0.0327917 -0.115281 0.24377 0.217614
internal_weight=67.448 62.6776 43.4669 36.5489 27.4859 21.8553 14.0399 9.06308 19.2107 15.8763
internal_count=222 188 154 145 99 89 72 46 34 28
is_linear=0
shrinkage=0.165096


Tree=5
num_leaves=13
num_cat=0
split_feature=2 0 0 1 0 0 2 0 1 1 1 2
split_gain=16.9812 9.31106 7.90929 10.2905 6.55182 5.0898 4.55811 2.30532 2.06074 1.78309 0.742275 0.671457
threshold=5.7660169601500009 -7.572239999999999 -9.1167149999999975 0.79722088575000016 -6.9901349999999995 -5.7739149999999997 6.1439332962000011 -8.6699699999999975 0.73225095870000001 0.41812746225000003 0.68374043705000009 5.0530872345000004
decision_type=2 2 2 2 2 2 2 2 2 2 2 2
left_child=1 8 9 6 -3 11 -4 -8 -1 -2 -11 -6
right_child=2 4 3 -5 5 -7 7 -9 -10 10 -12 -13
leaf_value=-0.099185996032271698 0.11316877683499997 0.20061893153698193 0.10047780722242863 0.23556261740206472 -0.20149628902218775 0.083808388723266319 0.010568617558028383 -0.19867100533563956 -0.27788074994863787 0.27577713291906875 0.21047303714884702 -0.081409987266905334
leaf_weight=3.9439275786280659 3.5957069471478489 5.1853380799293527 4.2788212969899195 6.3925609141588202 2.690786138176918 5.5383933037519419 2.2765688598155984 3.8833808824419966 3.1753341108560562 8.6291191726923007 10.542658284306524 2.4023715406656265
leaf_count=21 10 19 17 12 20 14 11 31 14 14 17 11
internal_value=0.090942 -0.0221003 0.156418 0.070602 0.048472 -0.0257357 -0.0304186 -0.121342 -0.17889 0.219858 0.239867 -0.144855
internal_weight=62.535 22.9362 39.5988 16.8313 15.8169 10.6316 10.4388 6.15995 7.11926 22.7675 19.1718 5.09316
internal_count=211 99 112 71 64 45 59 42 35 41 31 31
is_linear=0
shrinkage=0.165096


Tree=6
num_leaves=12
num_cat=0
split_feature=1 0 1 0 0 1 0 2 0 1 1
split_gain=16.8482 10.8504 7.69562 10.6237 9.97178 5.92469 4.03757 3.72532 2.73883 2.014 1.14555
threshold=0.40084983405000002 -9.1611949999999975 0.66209205985000008 -7.7043349999999995 -7.449724999999999 0.86585021020000019 -6.2268599999999994 5.8492164612000002 -7.3201399999999994 0.71301269530000011 0.56113100055000009
decision_type=2 2 2 2 2 2 2 2 2 2 2
left_child=-1 10 7 5 -5 9 -6 8 -3 -4 -2
right_child=1 2 3 4 6 -7 -8 -9 -10 -11 -12
leaf_value=-0.2215916888663087 0.27026491971062638 0.13865273335278924 -0.038297654038275189 0.42399589642745827 0.19530650724916193 0.12731818238195777 0.0074544720001950889 -0.21126544983659151 -0.086756811699978273 -0.2315105434453274 0.18432269321807973
leaf_weight=4.3983228951692572 5.917050868272784 2.5132427960634232 2.8919362574815732 3.6959382295608529 7.3975674211978912 3.8287569731473923 5.3915431052446401 3.2961635738611221 3.5367218703031522 2.9917139932513237 14.809666141867636
leaf_count=33 9 10 15 8 20 8 18 23 24 17 26
internal_value=0.0895974 0.113922 0.0585602 0.104444 0.185142 -0.032526 0.116114 -0.0700546 0.00688217 -0.136544 0.208858
internal_weight=60.6686 56.2703 35.5436 26.1975 16.485 9.71241 12.7891 9.34613 6.04996 5.88365 20.7267
internal_count=211 178 143 86 46 40 38 57 34 32 35
is_linear=0
shrinkage=0.165096


Tree=7
num_leaves=13
num_cat=0
split_feature=1 2 0 1 1 0 0 0 1 2 1 1
split_gain=11.4462 10.9412 8.81767 6.38267 6.8864 5.08018 4.95602 2.36081 2.15466 2.83472 1.54667 0.634015
threshold=0.70549973845000014 5.1422438621500008 -5.7278149999999988 0.67098730805000006 0.47559611500000004 -8.8538399999999999 -5.7739149999999997 -9.7932249999999978 0.76697170735000009 6.4904806613500012 0.55261763930000007 0.87060317400000009
decision_type=2 2 2 2 2 2 2 2 2 2 2 2
left_child=3 2 -2 4 7 -6 10 -1 -3 11 -7 -10
right_child=1 8 -4 -5 5 6 -8 -9 9 -11 -12 -13
leaf_value=-0.012766223666094876 -0.23585967953593556 0.27571859478817584 0.13688072319527475 -0.26178608549850957 0.1834571512037371 -0.00012175339646294785 0.18026332671286194 -0.2119808209077714 0.061688882321481987 0.23683276769525868 -0.19311519672948221 0.14183606484799144
leaf_weight=2.7708570063114166 3.5104201510548592 5.3886353820562389 3.4103855639696148 2.7274009585380545 6.3140378743410146 1.8717063143849406 2.2613435834646136 3.9085464626550737 5.2097692638635653 7.2090206891298285 2.8633006066083908 5.5633372515439987
leaf_count=8 19 14 7 17 13 12 5 37 16 14 26 11
internal_value=0.0637126 0.13015 -0.0521838 -0.0248759 0.00744894 0.0760929 -0.0208018 -0.129341 0.184144 0.156701 -0.116828 0.103078
internal_weight=53.0088 30.2916 6.92081 22.7172 19.9898 13.3104 6.99635 6.6794 23.3708 17.9821 4.73501 10.7731
internal_count=199 81 26 118 101 56 43 45 55 41 38 27
is_linear=0
shrinkage=0.165096


Tree=8
num_leaves=9
num_cat=0
split_feature=2 1 0 1 2 1 1 1
split_gain=9.64693 8.37694 5.98663 8.18618 5.96324 5.1109 4.67293 5.54819
threshold=6.8141474723500002 0.93104758855000014 -9.3936749999999982 0.80823194980000013 6.1439332962000011 0.46399392190000005 0.71840184925000006 0.66831928490000014
decision_type=2 2 2 2 2 2 2 2
left_child=1 2 -1 4 5 -4 7 -7
right_child=-2 -3 3 -5 -6 6 -8 -9
leaf_value=0.099848413109403497 0.18473090113468621 0.22718476336141782 -0.19224113688429709 -0.23089322613485935 -0.21549736107320308 0.02846147866490667 -0.065525239846218303 0.27155626669382193
leaf_weight=8.5322337895631737 9.9557494260370714 4.1072181761264792 2.5905986167490616 5.9022905677556983 3.3503889888525 6.7827733084559458 5.5882613286375991 4.1093973591923714
leaf_count=19 25 7 29 25 29 33 25 13
internal_value=0.038967 0.00354002 -0.0213833 -0.0579034 -0.0123643 0.0233228 0.0572086 0.120178
internal_weight=50.9189 40.9632 36.8559 28.3237 22.4214 19.071 16.4804 10.8922
internal_count=205 180 173 154 129 100 71 46
is_linear=0
shrinkage=0.165096


Tree=9
num_leaves=14
num_cat=0
split_feature=1 0 2 1 1 2 1 0 0 0 0 2 2
split_gain=10.3054 7.99437 4.27914 3.3901 4.01704 4.57223 4.34201 3.52418 3.37905 2.83644 1.80957 1.86712 1.42259
threshold=0.46399392190000005 -5.7278149999999988 6.712377548250001 0.77560415860000009 0.63743603230000001 5.2779543400000009 0.70549973845000014 -7.6812299999999984 -12.051194999999998 -9.2527649999999984 -10.308604999999998 6.1439332962000011 5.8492164612000002
decision_type=2 2 2 2 2 2 2 2 2 2 2 2 2
left_child=8 2 3 4 12 -6 -7 9 -1 -5 -10 -12 -2
right_child=1 -3 -4 7 5 6 -8 -9 10 -11 11 -13 -14
leaf_value=0.24101697557540369 0.18016121617371605 -0.097893117742653829 0.25432850376048344 0.1886252969950295 0.15563786806054908 -0.24539686646558087 0.02171616218228389 0.2480261610811349 -0.30964252956857002 0.023341010754751475 -0.20402009304217533 -0.0070962879490782992 0.052977394231530105
leaf_weight=0.70062571763992298 6.3189689889550227 4.7583790868520728 6.2136549502611151 5.295209914445878 2.9409882277250272 2.8641893565654755 3.9409924820065498 7.179304137825965 1.364686459302902 6.0786649361252794 2.4020873941481105 2.8927147015929222 3.8624093346297741
leaf_count=1 23 15 18 10 16 20 16 14 6 20 26 14 15
internal_value=0.0784167 0.105543 0.127202 0.106674 0.0593907 -0.016371 -0.0907089 0.157459 -0.103846 0.100291 -0.14013 -0.0964363 0.131914
internal_weight=56.8129 49.4528 44.6944 38.4807 19.9275 9.74617 6.80518 18.5532 7.36011 11.3739 6.65949 5.2948 10.1814
internal_count=214 167 152 134 90 52 36 44 47 30 46 40 38
is_linear=0
shrinkage=0.165096


end of trees

feature_importances:
cnn_pose_score=43
vina_affinity=37
cnn_affinity=25

parameters:
[boosting: gbdt]
[objective: binary]
[metric: binary_logloss]
[tree_learner: serial]
[device_type: cpu]
[data_sample_strategy: bagging]
[data: ]
[valid: ]
[num_iterations: 10]
[learning_rate: 0.165096]
[num_leaves: 147]
[num_threads: 8]
[seed: 42]
[deterministic: 1]
[force_col_wise: 0]
[force_row_wise: 1]
[histogram_pool_size: -1]
[max_depth: 8]
[min_data_in_leaf: 13]
[min_sum_hessian_in_leaf: 0.001]
[bagging_fraction: 0.693459]
[pos_bagging_fraction: 1]
[neg_bagging_fraction: 1]
[bagging_freq: 1]
[bagging_seed: 400]
[bagging_by_query: 0]
[feature_fraction: 0.891646]
[feature_fraction_bynode: 1]
[feature_fraction_seed: 30056]
[extra_trees: 0]
[extra_seed: 12879]
[early_stopping_round: 0]
[early_stopping_min_delta: 0]
[first_metric_only: 0]
[max_delta_step: 0]
[lambda_l1: 9.65038e-08]
[lambda_l2: 8.03333e-05]
[linear_lambda: 0]
[min_gain_to_split: 0.544844]
[drop_rate: 0.1]
[max_drop: 50]
[skip_drop: 0.5]
[xgboost_dart_mode: 0]
[uniform_drop: 0]
[drop_seed: 17869]
[top_rate: 0.2]
[other_rate: 0.1]
[min_data_per_group: 100]
[max_cat_threshold: 32]
[cat_l2: 10]
[cat_smooth: 10]
[max_cat_to_onehot: 4]
[top_k: 20]
[monotone_constraints: ]
[monotone_constraints_method: basic]
[monotone_penalty: 0]
[feature_contri: ]
[forcedsplits_filename: ]
[refit_decay_rate: 0.9]
[cegb_tradeoff: 1]
[cegb_penalty_split: 0]
[cegb_penalty_feature_lazy: ]
[cegb_penalty_feature_coupled: ]
[path_smooth: 0]
[interaction_constraints: ]
[verbosity: -1]
[saved_feature_importance_type: 0]
[use_quantized_grad: 0]
[num_grad_quant_bins: 4]
[quant_train_renew_leaf: 0]
[stochastic_rounding: 1]
[linear_tree: 0]
[max_bin: 371]
[max_bin_by_feature: ]
[min_data_in_bin: 3]
[bin_construct_sample_cnt: 200000]
[data_random_seed: 175]
[is_enable_sparse: 1]
[enable_bundle: 1]
[use_missing: 1]
[zero_as_missing: 0]
[feature_pre_filter: 0]
[pre_partition: 0]
[two_round: 0]
[header: 0]
[label_column: ]
[weight_column: ]
[group_column: ]
[ignore_column: ]
[categorical_feature: ]
[forcedbins_filename: ]
[precise_float_parser: 0]
[parser_config_file: ]
[objective_seed: 16083]
[num_class: 1]
[is_unbalance: 0]
[scale_pos_weight: 3.24658]
[sigmoid: 1]
[boost_from_average: 1]
[reg_sqrt: 0]
[alpha: 0.9]
[fair_c: 1]
[poisson_max_delta_step: 0.7]
[tweedie_variance_power: 1.5]
[lambdarank_truncation_level: 30]
[lambdarank_norm: 1]
[label_gain: ]
[lambdarank_position_bias_regularization: 0]
[eval_at: ]
[multi_error_top_k: 1]
[auc_mu_weights: ]
[num_machines: 1]
[local_listen_port: 12400]
[time_out: 120]
[machine_list_filename: ]
[machines: ]
[gpu_platform_id: -1]
[gpu_device_id: -1]
[gpu_use_dp: 0]
[num_gpu: 1]

end of parameters

pandas_categorical:[]
