tree
version=v4
num_class=1
num_tree_per_iteration=1
label_index=0
max_feature_idx=64
objective=binary sigmoid:1
feature_names=vina_affinity cnn_pose_score cnn_affinity md_rmsd_ca_mean md_rmsd_ca_std md_rmsd_ca_p10 md_rmsd_ca_last md_rmsd_ca_slope md_rmsd_ca_drift md_rg_mean md_rg_std md_rg_last md_rg_slope md_rg_drift md_distance_mean md_distance_std md_distance_min md_distance_p10 md_distance_drift md_eelec_mean md_eelec_std md_eelec_slope md_eelec_drift md_evdw_mean md_evdw_std md_evdw_slope md_evdw_drift md_rmsd_lig_mean md_rmsd_lig_p10 md_rmsd_lig_drift md_mmgbsa_delta_total md_mmgbsa_std md_mmpbsa_delta_total md_mmpbsa_std md_rmsf_protein_mean md_rmsf_protein_max md_rmsf_protein_std md_contact_std md_contact_slope md_contact_drift md_contact_per_atom_mean md_contact_per_atom_std md_contact_per_atom_slope md_contact_per_atom_drift md_contact_unique_residues md_prolif_interaction_entropy md_prolif_polar_ratio md_prolif_aromatic_ratio md_prolif_any_contact_count_mean md_prolif_any_contact_count_last md_prolif_hbond_freq md_prolif_ionic_freq md_prolif_hydrophobic_count_mean md_prolif_hbond_count_mean md_prolif_hbond_count_max md_prolif_hbond_count_last md_prolif_aromatic_count_median md_prolif_aromatic_count_max md_prolif_aromatic_count_p90 md_prolif_aromatic_count_last md_prolif_ionic_count_mean md_prolif_ionic_count_max md_prolif_ionic_count_last md_prolif_vdw_count_mean md_prolif_vdw_count_last
feature_infos=[-13.336220000000001:-3.95513] [0.1209790483:0.97915929560000003] [2.9937837124:8.5489177703999992] [1.6023210557841181:3.5564206788977537] [0.15965357188147419:0.91937204022727959] [1.3414661572262685:2.7112614985223278] [1.6872058043635152:4.1184719854243843] [-0.00033065440619149997:0.0059700958278378] [-0.38513999488293882:1.8890218534395515] [25.86658204683463:27.739468277768282] [0.083617486646757694:0.3612826841368631] [25.54625935397172:27.927280785891018] [-0.0019545632805877998:0.0022436868000718] [-0.65175054617770556:0.82648420239799236] [0.50208683375640462:30.367526134083874] [0.1664826071491104:15.381902128384118] [0.046509425068849801:4.951536086565044] [0.23397615864576979:8.0027603877289] [-1.8951625966885337:37.009744600195006] [-157.98522085605609:12.278524830365368] [0.63453667166980343:23.810891732942256] [-0.1206785738505049:0.133726586393321] [-39.943644748660972:37.465290593145866] [-82.071576955577768:-3.309029331879584] [1.4027175701868979:8.0215289643346228] [-0.040070853138427502:0.049533472272639899] [-10.23489356125846:21.193619048137148] [1.0230369446648719:29.674375011458309] [0.63813706126432401:7.1505635366060876] [-2.1578772231279251:28.874242146783462] [-74.284999999999997:-0.52680000000000005] [1.0674999999999999:12.0207] [-32.779499999999999:24.896000000000001] [1.2230000000000001:14.6953] [0.97771655268542845:1.6511088854108962] [2.502335683876697:11.259332064685999] [0.37710395719926781:1.0818920576855418] [14.740474890586125:151.39331028813658] [-6.861512605042023:8.3437214885954418] [-231.91999999999999:181] [1.0916279069767445:20.922666666666668] [0.59478573287126757:5.0478519193811531] [-0.32122208883553438:0.18106122448979611] [-10.028:5.3626666666666694] [12:45] [0.69163694059834513:1.6075837184941697] [0:0.39974619289340102] [0:0.092975206611570202] [1.04:32.920000000000002] [0:32] [0:1] [0:1] [0.54000000000000004:15.24] [0:5.1600000000000001] [0:8] [0:5] [0:1] [0:3] [0:2] [0:2] [0:4.1200000000000001] [0:6] [0:5] [0.35999999999999999:10.640000000000001] [0:12]
tree_sizes=1055 966 1171 1176 1066 1170 1174 1376 1173 1172 1070 1177 970 973 1281 1074 1490 1288 975 1177 1056 972 1177 969 1376 1178 1188 1186 978 1081 1187 1285 1190 1195 1185 1190 1188 1080

Tree=0
num_leaves=9
num_cat=0
split_feature=40 30 44 30 2 20 16 43
split_gain=132.995 62.405 46.8556 21.4722 19.0779 19.7928 19.0138 7.12997
threshold=15.235151515151516 -44.655599999999993 22.500000000000004 -35.532849999999989 5.7660169601500009 4.5631431729695153 0.85538190210764575 0.32410569105691073
decision_type=2 2 2 2 2 2 2 2
left_child=1 -1 -2 -4 -3 -6 -5 -7
right_child=2 4 3 6 5 7 -8 -9
leaf_value=-0.87584872241561107 -1.0800396794690117 -1.3383610327508475 -0.67037649220234252 -0.77879257424921922 -0.98354722074200274 -1.338360459249972 -1.0800400762302405 -1.122057493429754
leaf_weight=9.4898648560047132 9.2679083347320539 14.582528024911882 16.725640594959259 9.9831011891365069 6.7474713921546963 6.1210611462593061 4.6339541673660269 3.6894068121910095
leaf_count=28 38 81 30 24 24 34 19 16
internal_value=-0.994554 -1.15177 -0.837264 -0.765476 -1.23585 -1.14558 -0.874295 -1.25702
internal_weight=81.2409 40.6303 40.6106 31.3427 31.1405 16.5579 14.6171 9.81047
internal_count=294 183 111 73 155 74 43 50
is_linear=0
shrinkage=1


Tree=1
num_leaves=8
num_cat=0
split_feature=1 48 45 37 28 5 36
split_gain=86.5418 42.5921 25.9035 25.3581 14.2572 6.93445 2.88722
threshold=0.85994222760000005 18.990000000000006 1.1302377667143815 36.393347625745562 1.9303221956383483 1.5634877508636238 0.57473966940665899
decision_type=2 2 2 2 2 2 2
left_child=1 2 -1 -4 -3 -5 -2
right_child=6 4 3 5 -6 -7 -8
leaf_value=0.17248170333631424 0.29696162080359162 0.2813016520510202 0.12552968859715005 0.0082841028498934315 0.084425904699943724 -0.15956066113850706 0.38136192329443441
leaf_weight=9.4252988547086698 11.749428153038027 13.891257330775263 8.2203136980533618 4.6549944132566479 9.2602713704109174 18.475252851843834 12.786619439721106
leaf_count=32 24 30 30 21 32 106 19
internal_value=0.144728 0.0694175 -0.00617449 -0.0598862 0.202555 -0.125782 0.340946
internal_weight=88.4634 63.9274 40.7759 31.3506 23.1515 23.1302 24.536
internal_count=294 251 189 157 62 127 43
is_linear=0
shrinkage=0.122904


Tree=2
num_leaves=10
num_cat=0
split_feature=14 42 32 30 15 32 30 44 23
split_gain=61.329 20.9953 17.7404 12.0361 19.6014 17.277 8.38165 8.25921 1.74266
threshold=2.8916305823288715 0.023684552190782103 -2.7902999999999998 -35.532849999999989 0.63057869090832064 -1.3151499999999998 -28.684149999999999 34.500000000000007 -51.486704497586899
decision_type=2 2 2 2 2 2 2 2 2
left_child=1 3 -2 8 5 -5 -7 -4 -1
right_child=2 -3 7 4 -6 6 -8 -9 -10
leaf_value=0.22297761276509431 0.11881899017060937 0.0028690573803831919 -0.15662566981942536 0.18659930864879165 0.31448632571307716 0.07120283171971252 -0.16294269166928763 0.053622095204128237 0.28384841711229036
leaf_weight=11.429104372859003 6.9414667487144497 8.7820544391870481 13.809284642338755 11.828511223196985 7.9527731388807288 4.9797858297824869 4.306396529078488 3.5473217666149131 18.779819637536999
leaf_count=23 25 34 84 30 14 19 24 14 27
internal_value=0.120376 0.180218 -0.0472421 0.206494 0.150034 0.0880937 -0.0373806 -0.113655 0.260819
internal_weight=92.3565 68.0584 24.2981 59.2764 29.0675 21.1147 9.28618 17.3566 30.2089
internal_count=294 171 123 137 87 73 43 98 50
is_linear=0
shrinkage=0.122904


Tree=3
num_leaves=10
num_cat=0
split_feature=40 30 40 21 60 19 16 15 63
split_gain=58.3505 26.9455 20.2013 16.9631 11.6904 6.94363 2.53308 2.07342 1.97925
threshold=13.23284090909091 -35.532849999999989 17.227826086956522 0.0010343644100924002 0.15000000000000005 -39.100598206842257 2.6721781467043035 0.51215344105647398 7.5500000000000007
decision_type=2 2 2 2 2 2 2 2 2
left_child=4 8 3 7 -1 -4 -6 -3 -2
right_child=1 2 5 -5 6 -7 -8 -9 -10
leaf_value=0.041798033901193188 0.20621517800545902 -0.16565757194581576 0.23542699646788409 0.11354532399420637 -0.16456560173568202 0.089822099090973939 -0.039841308525145704 -0.045519630426874985 0.26870764989166523
leaf_weight=9.2123447805643099 13.014728501439096 5.7505457550287264 11.936943829059603 9.5075319260358793 10.872184753417967 8.4491126686334592 3.1789067685604087 3.4851946234703064 18.594924196600914
leaf_count=38 22 31 23 33 64 24 17 18 24
internal_value=0.103052 0.158582 0.0904046 -0.00169309 -0.0658022 0.175081 -0.136348 -0.120323 0.242978
internal_weight=94.0024 70.739 39.1293 18.7433 23.2634 20.3861 14.0511 9.23574 31.6097
internal_count=294 175 129 82 119 47 81 49 46
is_linear=0
shrinkage=0.122904


Tree=4
num_leaves=9
num_cat=0
split_feature=1 1 48 19 30 64 19 2
split_gain=39.6387 21.4741 21.789 18.202 13.9578 13.7676 6.42076 4.63326
threshold=0.85528460145000007 0.40084983405000002 18.990000000000006 -0.87369891602522409 -14.479549999999998 6.5000000000000009 -52.325481150511699 6.0875821113500015
decision_type=2 2 2 2 2 2 2 2
left_child=1 -1 3 4 5 -3 -4 -2
right_child=7 2 6 -5 -6 -7 -8 -9
leaf_value=-0.16368240991065605 0.14843344333307323 -0.13866024168619542 0.2396898671297798 0.17139430337192638 0.15263192571576539 0.071562056122443179 0.10383520270382081 0.24766810912235979
leaf_weight=7.0666431188583365 11.555986166000368 16.888719484210018 9.0716168135404605 7.7482309937477103 4.6695229113101986 6.5234206393361083 12.490506231784819 18.461786739528179
leaf_count=42 24 99 12 21 14 25 32 25
internal_value=0.0928075 0.0384807 0.063373 0.00462647 -0.0413879 -0.0800851 0.160992 0.209466
internal_weight=94.4764 64.4587 57.392 35.8299 28.0817 23.4121 21.5621 30.0178
internal_count=294 245 203 159 138 124 44 49
is_linear=0
shrinkage=0.122904


Tree=5
num_leaves=10
num_cat=0
split_feature=40 2 40 10 43 1 23 42 1
split_gain=38.0554 15.9066 25.3844 11.7767 7.47572 6.36783 6.66257 9.40341 2.09825
threshold=12.76637931034483 5.745768785450001 15.965329985652799 0.20589202503728701 0.36172727272727201 0.82536455990000013 -53.842863794291439 -0.0099745995959358985 0.68374043705000009
decision_type=2 2 2 2 2 2 2 2 2
left_child=3 2 -2 8 -4 6 -3 -8 -1
right_child=1 5 4 -5 -6 -7 7 -9 -10
leaf_value=-0.15803229691232537 -0.15365806728718995 0.22003476894968385 0.16530754226885153 0.10346541396132208 0.023415386039464317 0.21371725437755368 0.16602359947394602 -0.029862243915906202 -0.043950653964926006
leaf_weight=10.773030027747156 6.9595989510417011 6.92708492279053 15.170737057924272 4.1584159433841696 8.8987886458635312 22.486472934484482 7.8875063508749017 6.9755817204713795 3.1467114165425292
leaf_count=70 46 10 32 16 29 31 16 28 16
internal_value=0.0821066 0.120548 0.0530729 -0.0780243 0.112848 0.167835 0.120486 0.0740901 -0.132243
internal_weight=93.3839 75.3058 31.0291 18.0782 24.0695 44.2766 21.7902 14.8631 13.9197
internal_count=294 192 107 102 61 85 54 44 86
is_linear=0
shrinkage=0.122904


Tree=6
num_leaves=10
num_cat=0
split_feature=40 0 16 10 18 26 38 16 48
split_gain=29.9394 20.5097 13.3091 9.72994 9.54544 6.91467 6.42391 2.0802 1.77146
threshold=12.76637931034483 -9.4177199999999974 1.3624742711472406 0.20589202503728701 -0.085644953859220926 0.061353090466408113 0.34605042016806181 2.6721781467043035 16.060000000000002
decision_type=2 2 2 2 2 2 2 2 2
left_child=3 -2 4 7 -3 -4 8 -1 -6
right_child=1 2 5 -5 6 -7 -8 -9 -10
leaf_value=-0.15465749463788692 0.21044657324107002 0.00086260773432886414 -0.17116883560153459 0.087112795512662905 0.12480140980098541 0.023021859462795856 0.044932872368830562 -0.040885750390250955 0.19744577402512367
leaf_weight=9.6438017562031764 20.946602329611778 10.799107283353804 4.328859791159628 4.3200962692499152 8.0153298899531418 7.6904193088412285 8.523283086717127 3.2442437484860411 13.803227767348288
leaf_count=66 29 37 26 16 21 32 27 20 20
internal_value=0.0735306 0.107443 0.0668562 -0.0725119 0.100095 -0.0469181 0.135414 -0.126019 0.170759
internal_weight=91.315 74.1068 53.1602 17.2081 41.1409 12.0193 30.3418 12.888 21.8186
internal_count=294 192 163 102 105 58 68 86 41
is_linear=0
shrinkage=0.122904


Tree=7
num_leaves=12
num_cat=0
split_feature=40 0 1 9 39 32 3 45 51 41 9
split_gain=23.7146 17.2842 14.7773 9.87062 11.7987 9.67712 9.38294 7.49692 14.0598 2.85883 1.16088
threshold=12.76637931034483 -9.4177199999999974 0.92627465725000013 26.924274473852556 1.0000000180025095e-35 -2.3633999999999995 2.0154297992420975 1.1302377667143815 0.95000000000000007 1.6206717258500893 26.790184597741391
decision_type=2 2 2 2 2 2 2 2 2 2 2
left_child=5 -2 3 4 6 -1 -3 -5 -9 -7 -6
right_child=1 2 -4 7 10 9 -8 8 -10 -11 -12
leaf_value=0.09730205095211239 0.19343774571234695 0.11515500876973257 0.18900770872071568 0.21610972653049401 -0.18684864264066725 -0.1517494970923228 -0.085784888917751601 -0.078897804394355522 0.17199609927595363 -0.0054331007661011042 -0.094462480979070243
leaf_weight=4.0550214648246792 20.044091790914536 9.1797055676579493 10.594307973980902 5.3271995186805752 4.5071341022849065 9.7827485650777799 5.6836193650960913 6.8915492221713048 6.6098311841487885 2.541094370186328 3.7757737189531326
leaf_count=14 29 23 15 9 23 73 25 35 15 15 18
internal_value=0.0661972 0.0963296 0.059303 0.0265659 -0.0271884 -0.06739 0.0383171 0.0926466 0.0439317 -0.12158 -0.144735
internal_weight=88.9921 72.6132 52.5691 41.9748 23.1462 16.3789 14.8633 18.8286 13.5014 12.3238 8.28291
internal_count=294 192 163 148 89 102 48 59 50 88 41
is_linear=0
shrinkage=0.122904


Tree=8
num_leaves=10
num_cat=0
split_feature=1 40 30 30 3 35 64 22 35
split_gain=19.0802 14.7121 12.1562 10.0459 12.4963 5.95125 9.21355 4.7389 3.35492
threshold=0.85528460145000007 13.433286713286718 -35.532849999999989 -14.479549999999998 1.8895067555983249 4.3010333266387821 6.5000000000000009 0.90815630460601893 4.4102216039994859
decision_type=2 2 2 2 2 2 2 2 2
left_child=1 5 -3 4 -4 6 -1 -6 -2
right_child=8 2 3 -5 7 -7 -8 -9 -10
leaf_value=-0.14186287563242683 0.092085970872293282 0.15648522184273536 0.10546441450989252 0.15219587611767277 -0.15787730546742793 -0.15596960743972343 0.097296135703835759 -0.016251744387533414 0.18305591797106072
leaf_weight=4.4415588080883044 9.9973272308707255 13.522070169448851 7.3345775157213238 6.2180775478482273 7.6454315111041051 7.5481180846691123 5.3812647610902786 6.6931875720620155 15.80553078651428
leaf_count=41 24 22 20 13 49 56 19 28 23
internal_value=0.0597043 0.0210311 0.0608523 0.014488 -0.0250208 -0.0739049 -0.0108439 -0.0917675 0.14781
internal_weight=84.5871 58.7843 41.4133 27.8913 21.6732 17.3709 9.82282 14.3386 25.8029
internal_count=295 248 132 110 97 116 60 77 47
is_linear=0
shrinkage=0.122904


Tree=9
num_leaves=10
num_cat=0
split_feature=0 50 19 40 2 0 57 22 40
split_gain=16.5484 16.7876 20.6707 9.96836 15.4754 8.75786 2.44201 1.83052 0.594496
threshold=-9.3936749999999982 0.97000000000000008 -1.0506625746188121 16.19734482758621 6.9827027320500017 -8.7879149999999981 1.0000000180025095e-35 -6.2624501856090538 17.429693548387096
decision_type=2 2 2 2 2 2 2 2 2
left_child=6 2 5 4 -3 -2 -1 -7 -9
right_child=1 3 -4 -5 -6 7 -8 8 -10
leaf_value=0.19041957222589567 0.044288541869994959 -0.15573305385221659 0.10465200854789392 0.14355121912594149 0.1608381379271942 -0.068113551843155817 0.10638904604181761 -0.15234143338910611 -0.21262050889695114
leaf_weight=10.537350036203861 4.6242752969264975 5.1256059557199496 10.353979103267191 18.624399423599243 4.2805055528879166 3.6041641607880619 10.360708892345428 10.503800459206106 3.232308253645896
leaf_count=21 21 36 30 35 7 25 25 81 14
internal_value=0.0545009 0.0218603 -0.038509 0.0914646 -0.0116687 -0.105994 0.14876 -0.146072 -0.166527
internal_weight=81.2471 60.349 32.3185 28.0305 9.40611 21.9645 20.8981 17.3403 13.7361
internal_count=295 249 171 78 43 141 46 120 95
is_linear=0
shrinkage=0.122904


Tree=10
num_leaves=9
num_cat=0
split_feature=27 16 4 24 11 34 12 11
split_gain=13.8222 10.3569 9.03782 7.69434 7.06052 3.19935 3.28991 1.7842
threshold=2.6490968770205776 1.1596445389417471 0.41387263913352795 2.6884117942313375 26.891985679291107 1.1362397336045353 0.00024498465619410004 26.617194600451231
decision_type=2 2 2 2 2 2 2 2
left_child=3 4 -3 -1 -2 7 -7 -5
right_child=1 2 -4 5 -6 6 -8 -9
leaf_value=-0.010938378764390381 -0.031197484746831049 -0.15189630316479966 0.048876031317672604 0.19172279437918049 0.11610220515462411 0.019295154799063564 0.14079485009543261 0.11999902114524397
leaf_weight=8.1867337599396688 8.8469487503170985 10.044055871665476 5.1097598858177653 9.2585885673761386 11.06120729446411 7.3699075952172262 6.1971064060926437 12.068275824189184
leaf_count=33 37 82 26 17 29 29 12 30
internal_value=0.0496627 -0.00763455 -0.0841973 0.0962951 0.050644 0.121454 0.0747937 0.151137
internal_weight=78.1426 35.062 15.1538 43.0806 19.9082 34.8939 13.567 21.3269
internal_count=295 174 108 121 66 88 41 47
is_linear=0
shrinkage=0.122904


Tree=11
num_leaves=10
num_cat=0
split_feature=1 0 41 26 44 29 57 35 33
split_gain=13.1832 9.85313 10.157 13.9087 5.45742 5.00129 3.53102 3.33728 1.00877
threshold=0.85528460145000007 -9.1611949999999975 1.2825907821183027 -1.4991407999507638 22.500000000000004 1.5975417173223951 1.0000000180025095e-35 4.4102216039994859 5.5312500000000009
decision_type=2 2 2 2 2 2 2 2 2
left_child=1 6 5 -4 -5 8 -1 -2 -3
right_child=7 2 3 4 -6 -7 -8 -9 -10
leaf_value=0.15611868903953258 0.067433636254563056 -0.16868768610796794 -0.15804985940771896 -0.0054894142335532616 0.12964818468371589 0.015252181583889059 0.038613090735046235 0.16393111814718009 -0.082020045905028913
leaf_weight=7.3628445975482437 9.2169084772467631 7.8853842653334123 4.8294692002236834 7.5089220255613389 11.317947272211311 3.9735041223466387 8.1265166699886322 13.120124250650404 2.7315334603190422
leaf_count=17 24 56 37 35 37 20 27 23 19
internal_value=0.0447573 0.0117704 -0.0217215 0.0280192 0.0757499 -0.102369 0.0944694 0.124114 -0.14639
internal_weight=76.0732 53.7361 38.2468 23.6563 18.8269 14.5904 15.4894 22.337 10.6169
internal_count=295 248 204 109 72 95 44 47 75
is_linear=0
shrinkage=0.122904


Tree=12
num_leaves=8
num_cat=0
split_feature=40 0 50 18 10 50 40
split_gain=14.338 14.42 10.0426 10.2043 8.54397 5.72823 5.45641
threshold=12.890565410199562 -9.3936749999999982 0.95000000000000007 0.03300834218106706 0.17233106281613034 0.39000000000000007 16.19734482758621
decision_type=2 2 2 2 2 2 2
left_child=4 -2 3 -3 -1 -5 -4
right_child=1 2 6 5 -6 -7 -8
leaf_value=-0.15143091153081145 0.16519894131898852 -0.17836700588972698 -0.011245233792857816 0.10487930364015474 0.041865481278627353 -0.06564047442271656 0.11216661394045863
leaf_weight=8.6429687775671464 15.322745651006697 5.8026991412043598 7.7082942351698902 6.0071765035390836 5.7536066137254229 5.8969922289252281 18.162794098258018
leaf_count=80 29 34 38 18 28 32 39
internal_value=0.0357705 0.0626447 0.0265848 -0.0447322 -0.0741799 0.0204086 0.0753961
internal_weight=73.2973 58.9007 43.578 17.7069 14.3966 11.9042 25.8711
internal_count=298 190 161 84 108 50 77
is_linear=0
shrinkage=0.122904


Tree=13
num_leaves=8
num_cat=0
split_feature=1 1 0 49 64 19 11
split_gain=10.3001 7.55818 7.83362 7.35089 9.15556 8.00018 2.23791
threshold=0.85528460145000007 0.40084983405000002 -9.1611949999999975 18.500000000000004 6.5000000000000009 -47.415321697025504 26.778240277562031
decision_type=2 2 2 2 2 2 2
left_child=1 -1 -3 4 5 -4 -2
right_child=6 2 3 -5 -6 -7 -8
leaf_value=-0.14936015126053398 0.1468487721959634 0.10178223352688928 0.081174608189766406 -0.14316126218955919 0.13448848358763985 -0.080148265507213892 0.063912175997057355
leaf_weight=4.4630208499729624 10.507946267724039 12.370330370962618 6.8841786570847043 5.4573145136237136 7.0037116371095172 14.265903346240524 9.2327765077352506
leaf_count=42 22 32 26 31 19 101 25
internal_value=0.0327951 0.00334141 0.0181629 -0.0126126 0.012693 -0.0276389 0.108059
internal_weight=70.1852 50.4445 45.9814 33.6111 28.1538 21.1501 19.7407
internal_count=298 251 209 177 146 127 47
is_linear=0
shrinkage=0.122904


Tree=14
num_leaves=11
num_cat=0
split_feature=40 44 60 47 42 6 15 1 64 39
split_gain=10.8354 10.9104 7.40661 5.37352 3.67056 3.02718 2.61551 1.35727 1.82899 0.647152
threshold=13.433286713286718 21.500000000000004 0.15000000000000005 0.014955348470407101 0.010409123649459652 2.6762105267849474 0.31841956775594771 0.71840184925000006 6.5000000000000009 -58.660000000000018
decision_type=2 2 2 2 2 2 2 2 2 2
left_child=2 -2 5 4 7 -1 -6 -3 -9 -4
right_child=1 3 9 -5 6 -7 -8 8 -10 -11
leaf_value=-0.053046791152004634 -0.091545873275284323 0.15356910848670652 -0.075098059040139276 -0.018208416623042831 0.10751808952427352 0.10023854543923968 -0.018536939415766191 0.057095615473465949 0.1403467265099127 -0.15394034137280299
leaf_weight=3.6019384935498264 6.4636048302054396 11.453673616051676 2.0650949627161035 7.1726388446986666 4.314277879893778 4.2333604767918587 5.8684022091329098 8.0912338532507402 7.857343077659606 6.5958449468016598
leaf_count=24 29 26 19 37 12 16 28 24 17 66
internal_value=0.0298187 0.0577189 -0.0568118 0.0792748 0.0978783 0.0297723 0.0348712 0.121292 0.098111 -0.135142
internal_weight=67.7174 51.2212 16.4962 44.7576 37.5849 7.8353 10.1827 27.4023 15.9486 8.66094
internal_count=298 173 125 144 107 40 40 67 41 85
is_linear=0
shrinkage=0.122904


Tree=15
num_leaves=9
num_cat=0
split_feature=40 44 0 37 12 8 32 37
split_gain=9.15991 9.99704 6.34226 6.16596 6.36379 5.8828 4.7507 3.10977
threshold=12.76637931034483 21.500000000000004 -9.3936749999999982 32.555923099152302 -0.00035752610048614999 0.71827807197582227 -6.3432999999999984 45.544696143049315
decision_type=2 2 2 2 2 2 2 2
left_child=5 -2 -3 -4 7 -1 -6 -5
right_child=1 2 3 4 6 -7 -8 -9
leaf_value=-0.1438024983185579 -0.088447288129518783 0.14190211874481681 0.15204328505818382 -0.17774986451981911 0.12401470363821011 0.037886507037141241 0.0038810967239009736 -0.012706299514931593
leaf_weight=6.9417336974292976 7.0415650457143775 12.923443928360937 6.1699405610561362 3.0734581649303392 8.0873203873634321 4.3969707936048508 12.909511394798765 3.9290677532553673
leaf_count=79 36 30 12 18 17 23 61 22
internal_value=0.0271 0.0481391 0.0685623 0.0408237 0.0163152 -0.0733465 0.0501529 -0.0851457
internal_weight=65.473 54.1343 47.0927 34.1693 27.9994 11.3387 20.9968 7.00253
internal_count=298 196 160 130 118 102 78 40
is_linear=0
shrinkage=0.122904


Tree=16
num_leaves=13
num_cat=0
split_feature=40 0 29 11 22 23 51 32 51 64 4 39
split_gain=7.4552 7.09747 6.08303 5.11014 10.291 5.62155 4.45463 8.91192 3.58619 3.4308 1.10984 0.714509
threshold=13.433286713286718 -9.3936749999999982 -0.61769245293190966 26.85229069604549 8.1750760817363197 -25.237573845810903 1.0000000180025095e-35 -6.3432999999999984 0.15000000000000005 6.5000000000000009 0.27677811045768358 -63.459999999999972
decision_type=2 2 2 2 2 2 2 2 2 2 2 2
left_child=2 -2 -1 4 5 10 -5 -8 9 -4 -3 -10
right_child=1 3 8 6 -6 -7 7 -9 11 -11 -12 -13
leaf_value=0.14036962841326808 0.14397066997673341 -0.079907465581815038 -0.095567743444720049 0.15435804092566158 0.13905873067228883 0.030497946705993071 0.13122576496826485 -0.077444777912998669 -0.059062496791836505 0.082011731185187814 -0.1733537488728934 -0.15184300562320821
leaf_weight=2.4498748853802708 11.267401874065397 3.2111487835645667 3.2069097943603975 7.0280015319585827 4.7838803604245177 4.9907817095518139 6.4930236637592325 5.9015014022588703 1.6271546669304378 3.3706896528601646 4.7746028788387775 5.4652440156787625
leaf_count=7 28 15 29 15 11 18 14 36 17 12 33 63
internal_value=0.0344286 0.0585173 -0.0379729 0.0326226 -0.0150246 -0.0718287 0.0761922 0.0318699 -0.0699349 -0.00456722 -0.135779 -0.130558
internal_weight=64.5702 48.4503 16.1199 37.1829 17.7604 12.9765 19.4225 12.3945 13.67 6.5776 7.98575 7.0924
internal_count=298 170 128 142 77 66 65 50 121 41 48 80
is_linear=0
shrinkage=0.122904


Tree=17
num_leaves=11
num_cat=0
split_feature=40 0 15 15 21 22 33 64 20 26
split_gain=6.10939 6.24689 4.66681 6.63074 6.15922 5.88106 4.55342 6.10895 0.621493 0.597364
threshold=13.433286713286718 -9.3936749999999982 0.63057869090832064 0.41312998513961247 0.00075490520120775016 -4.7440059588634282 5.2817000000000007 5.5000000000000009 11.175623987666398 2.3460804947520346
decision_type=2 2 2 2 2 2 2 2 2 2
left_child=6 -2 3 4 5 -3 7 9 -8 -1
right_child=1 2 -4 -5 -6 -7 8 -9 -10 -11
leaf_value=-0.14069590352912051 0.13823919657799455 0.063290673179083226 0.10688337037438428 -0.12530646451928151 0.097019798092032039 -0.1185944228849585 -0.15829318526188049 0.093790545393005964 -0.071465593911772179 -0.045163580840873734
leaf_weight=2.4195199925452453 10.351323440670965 5.0608962513506386 8.9095655381679517 4.8833401016890994 11.165822207927702 5.7206615470349869 3.4099795985966912 5.8976436760276556 1.9617034979164598 1.6720073819160459
leaf_count=32 28 17 28 33 32 32 33 27 21 15
internal_value=0.0317927 0.054164 0.0298136 0.00422118 0.0330415 -0.0332171 -0.0353345 0.0137358 -0.126585 -0.101657
internal_weight=61.4525 46.0916 35.7403 26.8307 21.9474 10.7816 15.3609 9.98917 5.37168 4.09153
internal_count=298 170 142 114 81 49 128 74 54 47
is_linear=0
shrinkage=0.122904


Tree=18
num_leaves=8
num_cat=0
split_feature=1 1 19 64 51 60 13
split_gain=6.31229 5.92402 4.46883 6.65108 10.997 5.1936 3.48074
threshold=0.91696298120000008 0.40084983405000002 -1.0506625746188121 6.5000000000000009 0.64000000000000012 1.3100000000000003 -0.05770898812025034
decision_type=2 2 2 2 2 2 2
left_child=1 -1 3 4 -3 -6 -5
right_child=-2 2 -4 6 5 -7 -8
leaf_value=-0.14283778771132941 0.13142563686386433 -0.15728970359973671 0.098944932535906041 -0.009537051576389944 0.085074737135818951 -0.073842793007106208 0.10554325405025346
leaf_weight=3.4268590789288274 7.8785424530506125 7.7297176010906723 9.6959704048931581 6.3226111382246044 8.4775751959532482 4.9029456935822955 10.670073114335535
leaf_count=43 21 71 34 28 39 31 31
internal_value=0.029009 0.0132572 0.0244482 0.00549114 -0.0405788 0.0268435 0.0627244
internal_weight=59.1043 51.2258 47.7989 38.1029 21.1102 13.3805 16.9927
internal_count=298 277 234 200 141 70 59
is_linear=0
shrinkage=0.122904


Tree=19
num_leaves=10
num_cat=0
split_feature=1 0 40 60 15 44 64 7 36
split_gain=5.4709 6.13876 6.14013 6.25952 6.23072 9.571 3.8856 3.29874 1.72861
threshold=0.91696298120000008 -9.6853299999999987 15.965329985652799 0.29000000000000009 0.63057869090832064 25.500000000000004 6.5000000000000009 0.00087399469291165016 0.4679338705560625
decision_type=2 2 2 2 2 2 2 2 2
left_child=1 -1 3 6 5 -4 7 -3 -5
right_child=-2 2 4 8 -6 -7 -8 -9 -10
leaf_value=0.11104187716026254 0.12628950805516326 0.057809858881605537 -0.09867605657016322 -0.017756224061905728 0.13352008374680727 0.11243346034714 0.072812786172572391 -0.14180460022242783 -0.15207320699236854
leaf_weight=7.9218951947987071 7.2329059094190589 1.9636198170483128 7.6149883940815943 1.7784964758902768 7.1600290760397902 5.651399701833725 6.2806030735373497 3.4435007087886333 7.7729706652462482
leaf_count=29 21 11 38 13 16 16 23 41 90
internal_value=0.0264339 0.0118688 -0.00698714 -0.0532565 0.0411233 -0.00874464 0.00706039 -0.0693138 -0.127063
internal_weight=56.8204 49.5875 41.6656 21.2392 20.4264 13.2664 11.6877 5.40712 9.55147
internal_count=298 277 248 178 70 54 75 52 103
is_linear=0
shrinkage=0.122904


Tree=20
num_leaves=9
num_cat=0
split_feature=1 22 20 40 18 15 30 15
split_gain=4.6905 4.28025 5.03136 3.84287 4.45912 3.04639 9.61461 2.65399
threshold=0.91696298120000008 -26.265029075817555 10.424027191578725 13.433286713286718 0.029085799202955353 0.65234376268857697 -28.9194 0.32525064585165503
decision_type=2 2 2 2 2 2 2 2
left_child=1 -1 3 4 -3 6 -5 -4
right_child=-2 2 7 5 -6 -7 -8 -9
leaf_value=0.1713437560326859 0.1220747296926212 0.029477284496887898 0.01878961851312427 0.064158320137652838 -0.14550032178540895 0.12116559378283845 -0.1204354793627616 -0.16832287867834875
leaf_weight=2.424319475889205 6.7534645795822135 4.723382839933036 1.678112968802451 18.251944657415152 4.1179138068109751 5.687969706952571 5.5606588497757974 3.6046774741262197
leaf_count=5 21 33 11 71 57 16 39 41
internal_value=0.0264226 0.0123943 0.00356102 0.0190542 -0.0520204 0.0403552 0.0210523 -0.108886
internal_weight=52.8024 46.049 43.6247 38.3419 8.8413 29.5006 23.8126 5.28279
internal_count=294 273 268 216 90 126 110 52
is_linear=0
shrinkage=0.122904


Tree=21
num_leaves=8
num_cat=0
split_feature=0 1 45 50 22 10 37
split_gain=5.88333 5.56403 5.13083 5.30201 5.46629 4.08019 3.474
threshold=-9.6853299999999987 0.92627465725000013 1.1302377667143815 0.93000000000000005 6.9761168375334188 0.16308424558199008 38.86079066393313
decision_type=2 2 2 2 2 2 2
left_child=-1 2 -2 5 6 -4 -5
right_child=1 -3 3 4 -6 -7 -8
leaf_value=0.12238725934876986 0.06975835952283467 0.12537173900616597 -0.15780933675563741 0.030938120696858102 0.10956861458853881 -0.0081971697695998429 -0.10505155765685498
leaf_weight=7.7928069159388533 9.1620745137333852 5.2047081291675559 7.1136429598554987 5.4157258458435553 5.4297974687069646 4.4922819323837757 5.9607293121516705
leaf_count=29 37 17 83 23 19 38 48
internal_value=0.0241692 0.00627732 -0.0102195 -0.03601 0.00811037 -0.0998995 -0.0403142
internal_weight=50.5718 42.779 37.5743 28.4122 16.8063 11.6059 11.3765
internal_count=294 265 248 211 90 121 71
is_linear=0
shrinkage=0.122904


Tree=22
num_leaves=10
num_cat=0
split_feature=0 17 10 1 11 44 2 3 42
split_gain=4.94482 4.76381 5.31807 3.67982 4.65513 4.69034 2.75385 1.78786 1.36815
threshold=-9.6853299999999987 1.9504168226878627 0.1853608061825586 0.92627465725000013 26.891985679291107 28.500000000000004 4.3521826267000003 1.8037218625816493 0.0054622304329699509
decision_type=2 2 2 2 2 2 2 2 2
left_child=-1 3 7 4 5 6 -2 -3 -6
right_child=1 2 -4 -5 8 -7 -8 -9 -10
leaf_value=0.11563549681483259 -0.01046277360913263 0.0063880379371053422 0.031514687386427397 0.13735737161662143 0.026556713454126937 0.06581200420528753 -0.16136757356954373 -0.14650417516198869 0.11506433052688035
leaf_weight=7.2685706317424765 3.2047308161854797 1.4060813076794128 6.4080346915870905 4.5179897695779792 4.8654329627752286 4.2091692946851254 4.2481497023254633 6.4776127161458135 5.7631643228232861
leaf_count=29 12 11 38 16 21 19 34 94 20
internal_value=0.0221906 0.00566486 -0.0516432 0.0362159 0.0157158 -0.0379035 -0.096479 -0.119235 0.0745486
internal_weight=48.3689 41.1004 14.2917 26.8086 22.2906 11.662 7.45288 7.88369 10.6286
internal_count=294 265 143 122 106 65 46 105 41
is_linear=0
shrinkage=0.122904


Tree=23
num_leaves=8
num_cat=0
split_feature=0 16 6 1 45 53 7
split_gain=4.13456 5.27861 4.74512 2.70857 3.28834 5.44018 3.15089
threshold=-9.6853299999999987 1.6597439895816322 2.7402463999451911 0.92627465725000013 1.1302377667143815 0.94000000000000006 0.00155021606783725
decision_type=2 2 2 2 2 2 2
left_child=-1 3 -3 4 -2 -6 -7
right_child=1 2 -4 -5 5 6 -8
leaf_value=0.10885693930125452 0.087054118249977691 -0.14450968245618903 0.061584023595048422 0.1189802570756546 -0.15086464822569828 0.053922940336279361 -0.061487028813626804
leaf_weight=6.8029350265860549 6.8650942817330423 5.6908959681168181 2.3988357298076153 4.2672339975833884 3.4939802242442992 11.429247384890916 5.198773030191659
leaf_count=29 20 86 18 17 40 50 34
internal_value=0.0203862 0.00508879 -0.083397 0.0279921 0.0136048 -0.0114542 0.0178398
internal_weight=46.147 39.3441 8.08973 31.2543 26.9871 20.122 16.628
internal_count=294 265 104 161 144 124 84
is_linear=0
shrinkage=0.122904


Tree=24
num_leaves=12
num_cat=0
split_feature=1 0 26 0 0 50 45 40 15 47 32
split_gain=4.02545 4.23498 3.14782 4.95616 3.97332 3.00982 6.21467 2.04307 1.21524 1.0428 0.419932
threshold=0.46399392190000005 -9.3936749999999982 -1.4991407999507638 -8.8972799999999967 -8.811379999999998 0.95000000000000007 1.1315461320601492 14.115000000000002 0.32862443219349563 0.0013185122945412002 7.926400000000001
decision_type=2 2 2 2 2 2 2 2 2 2 2
left_child=7 -2 3 -3 -4 6 -6 10 -7 -5 -1
right_child=1 2 4 9 5 8 -8 -9 -10 -11 -12
leaf_value=-0.15072417160496465 0.119088588129573 0.10317846042257614 -0.11843791334841072 -0.17295862677087639 0.08036656204988088 0.050066192652069692 -0.10218760574146746 0.021983300461708082 0.13182243756251835 -0.059391879194573796 -0.06700753680646783
leaf_weight=2.7978364974260321 7.0554966442286959 2.0292029567062855 2.334988620132207 2.8678827956318846 6.9444842860102707 4.928492493927477 4.7391989380121231 2.245332982391119 6.2028517927974463 2.1273286808282137 1.3380131833255289
leaf_count=35 31 9 17 29 22 24 56 11 20 24 23
internal_value=0.0181297 0.0328555 0.0139454 -0.0587955 0.0342621 0.0498902 0.00631786 -0.0724009 0.0956245 -0.124594 -0.123641
internal_weight=45.6111 39.2299 32.1744 7.02441 25.15 22.815 11.6837 6.38118 11.1313 4.99521 4.13585
internal_count=301 232 201 62 139 122 78 69 44 53 58
is_linear=0
shrinkage=0.122904


Tree=25
num_leaves=10
num_cat=0
split_feature=50 46 25 3 4 22 14 14 17
split_gain=3.40502 4.09203 3.7609 3.20442 2.32677 1.96549 2.12757 2.67041 1.88443
threshold=0.95000000000000007 0.03479476775466276 0.0024171052350590006 1.9037469565683931 0.41387263913352795 3.8678022683565687 1.397302945494072 2.6528012661332458 1.8478314777529354
decision_type=2 2 2 2 2 2 2 2 2
left_child=1 4 -3 -4 -1 6 -2 -8 -5
right_child=5 2 3 8 -6 -7 7 -9 -10
leaf_value=-0.019720286288396623 0.097597541838849555 -0.13830523471054731 0.10152772815956279 0.0193862372867417 0.095148698631624007 0.10062662547959009 -0.075408646282678141 0.062245457029374764 -0.14879394134867219
leaf_weight=5.1250975299626607 3.9205550029873875 5.6075698183849436 2.7021601628512144 1.8667035475373266 5.5461625065654516 8.0071759577840549 4.6010648533701879 3.9617658648639917 2.1835753628984094
leaf_count=36 16 80 12 8 21 36 33 24 35
internal_value=0.0166521 -0.0157737 -0.0639102 -0.00212829 0.0399806 0.0530985 0.0226125 -0.0117202 -0.0712831
internal_weight=43.5218 23.0313 12.36 6.75244 10.6713 20.4906 12.4834 8.56283 4.05028
internal_count=301 192 135 55 57 109 73 57 43
is_linear=0
shrinkage=0.122904


Tree=26
num_leaves=10
num_cat=0
split_feature=1 48 21 11 21 25 32 19 17
split_gain=2.97246 3.90534 3.94161 4.1835 4.18625 2.63934 2.6156 1.86998 1.65091
threshold=0.46399392190000005 22.360000000000003 0.020441843006738004 26.85229069604549 -0.023433317952642696 0.00080866584074745014 -0.91689999999999994 -10.337494560822668 2.1520126995258146
decision_type=2 2 2 2 2 2 2 2 2
left_child=7 2 3 4 -2 -6 -5 -1 -8
right_child=1 -3 -4 6 5 -7 8 -9 -10
leaf_value=-0.12467194971865632 0.070961809022832986 0.13683226874666332 0.12459115673700757 0.079403227592857478 -0.14892839929576429 -0.022604490258006128 -0.10582752577556458 0.016516870035037767 0.038603499633185663
leaf_weight=3.423488627653569 3.1167883053421983 4.3957290947437277 4.1696584392338982 9.5696955937892181 5.5432318840175903 4.5483639603480697 2.3352380339056245 2.4176659155637017 2.4492680663242936
leaf_count=51 14 22 21 39 54 36 21 18 25
internal_value=0.0151111 0.0282629 0.0132232 -0.00362469 -0.0535408 -0.0919935 0.0423069 -0.0662339 -0.0318912
internal_weight=41.9691 36.128 31.7322 27.5626 13.2084 10.0916 14.3542 5.84115 4.78451
internal_count=301 232 210 189 104 90 85 69 46
is_linear=0
shrinkage=0.122904


Tree=27
num_leaves=10
num_cat=0
split_feature=19 24 21 16 26 44 4 47 13
split_gain=2.91684 3.85149 2.67869 3.24723 5.09963 3.29529 2.4225 1.77198 0.652025
threshold=4.3209671585683056 3.5456308546000153 0.020441843006738004 1.343319035971094 -3.6074186241443225 21.500000000000004 0.30237120001535339 0.0069245227703022506 0.12833262091933581
decision_type=2 2 2 2 2 2 2 2 2
left_child=1 2 3 5 -5 -1 -3 -7 -6
right_child=-2 6 -4 4 8 7 -8 -9 -10
leaf_value=-0.067453320957829507 0.13840792057015786 -0.0040046823294856817 0.11079951293059669 0.088073049727022332 -0.14865411445562157 0.086935713247780974 -0.16118122896790238 -0.0070468955461134089 -0.057736148145300759
leaf_weight=3.7552914042025902 2.6525142956525078 2.8464210540987542 4.4239596026018253 2.5368815260007977 3.986441732849924 11.027626786381004 3.0883236043155193 4.1786544919013968 1.6995580838993189
leaf_count=23 11 31 23 16 51 50 42 33 21
internal_value=0.0138514 0.00505106 0.0221086 0.00767501 -0.056829 0.0356479 -0.0857967 0.0611095 -0.121479
internal_weight=40.1957 37.5432 31.6084 27.1845 8.22288 18.9616 5.93474 15.2063 5.686
internal_count=301 290 217 194 88 106 73 83 72
is_linear=0
shrinkage=0.122904


Tree=28
num_leaves=8
num_cat=0
split_feature=39 32 19 40 0 11 20
split_gain=2.63677 2.65123 2.74725 3.51141 2.82691 3.54624 1.87958
threshold=69.060000000000016 -8.7110499999999984 2.7159606975304711 13.877628205128206 -9.3936749999999982 27.169268227841133 3.4420672381694839
decision_type=2 2 2 2 2 2 2
left_child=1 -1 3 6 -5 -6 -3
right_child=-2 2 -4 4 5 -7 -8
leaf_value=0.087179617098229856 -0.11223479854734937 0.0053301715855669837 0.11992749689296274 0.12330566455228052 -0.038634943289565502 0.090589271872218408 -0.12803841641594196
leaf_weight=6.9247547797858706 2.478512347675859 2.4066603602841559 2.7321827039122573 3.1959215998649659 11.705785109661518 4.4187190756201735 4.7398620848543942
leaf_count=33 35 19 16 15 78 15 86
internal_value=0.0103943 0.0188082 0.0025934 -0.00951915 0.0177075 -0.00322253 -0.0831255
internal_weight=38.6024 36.1239 29.1991 26.4669 19.3204 16.1245 7.14652
internal_count=297 262 229 213 108 93 105
is_linear=0
shrinkage=0.122904


Tree=29
num_leaves=9
num_cat=0
split_feature=18 10 64 40 29 43 36 39
split_gain=2.23876 2.50501 2.17023 2.89359 3.29881 2.17062 1.68947 0.912121
threshold=-0.37053374016270141 0.13238596928717233 6.5000000000000009 17.227826086956522 0.51564866585997138 0.53696140350877208 0.48093387978185947 -16.859999999999996
decision_type=2 2 2 2 2 2 2 2
left_child=1 -1 3 4 6 7 -2 -4
right_child=2 -3 5 -5 -6 -7 -8 -9
leaf_value=0.04775625332943479 0.098619481103932108 -0.11590647457065135 0.049444785776156248 0.047375435259270814 -0.13979173081403293 -0.027146527937454142 -0.047092464240915753 0.12089421075866777
leaf_weight=2.1855523996055117 1.9986461941152862 3.9946667142212391 5.3732778634876004 7.8648824207484713 3.8937633135356009 3.4102064277976742 3.015282304957509 5.4227263140492132
leaf_count=24 13 33 33 31 70 30 35 28
internal_value=0.00951164 -0.0580294 0.022986 -0.00695222 -0.0549198 0.0583326 0.0109914 0.0853334
internal_weight=37.159 6.18022 30.9788 16.7726 8.90769 14.2062 5.01393 10.796
internal_count=297 57 240 149 118 91 48 61
is_linear=0
shrinkage=0.122904


Tree=30
num_leaves=10
num_cat=0
split_feature=21 21 37 1 29 30 32 21 44
split_gain=2.69828 2.52709 3.04807 2.40165 2.34193 1.8094 1.37998 1.72016 1.89132
threshold=0.0007942317498060501 -0.023433317952642696 38.86079066393313 0.85994222760000005 1.122691520934368 -35.532849999999989 -8.1138999999999992 0.0050639515066549512 28.500000000000004
decision_type=2 2 2 2 2 2 2 2 2
left_child=1 2 -1 5 6 -3 -2 -8 -9
right_child=4 3 -4 -5 -6 -7 7 8 -10
leaf_value=0.13193791423833265 0.143007867698101 -0.012956700757508275 -0.034452350942611593 0.034487177803999049 -0.036871228363136263 -0.13047385722154842 0.10149216200342236 -0.072439162437202539 0.074000309439489542
leaf_weight=2.8897561533376601 2.9675617367029199 2.9987431913614273 3.9174994197674096 3.1512882709503165 4.1280021304264656 5.820377027615903 4.7422495428472757 2.7029906930401921 2.6269866432994604
leaf_count=9 12 20 38 17 39 88 25 29 20
internal_value=0.00859089 -0.0236068 0.0361825 -0.0576074 0.0438078 -0.090515 0.0693484 0.0476457 -0.000263505
internal_weight=35.9455 18.7777 6.80726 11.9704 17.1678 8.81912 13.0398 10.0722 5.32998
internal_count=297 172 47 125 125 108 86 74 49
is_linear=0
shrinkage=0.122904


Tree=31
num_leaves=11
num_cat=0
split_feature=21 63 15 30 50 5 29 11 44 1
split_gain=2.18535 2.11419 3.0943 2.43998 1.94937 2.30275 1.94524 2.6656 2.2183 1.16212
threshold=0.0007942317498060501 8.7000000000000011 0.63993388793773442 -14.882749999999998 0.95000000000000007 1.7360197371106767 0.69584419659157648 26.984117767168652 26.500000000000004 0.66209205985000008
decision_type=2 2 2 2 2 2 2 2 2 2
left_child=1 2 4 -4 -1 -6 9 8 -8 -2
right_child=6 -3 3 -5 5 -7 7 -9 -10 -11
leaf_value=-0.13260677524647874 0.013896861898472543 0.096216429965859163 -0.040192478179399742 0.13294857910093036 0.029997376200118026 -0.12150952514793539 -0.1713477827041211 0.078963035469948803 0.017450187743600607 0.10375106890428458
leaf_weight=4.7083690469153279 3.2185365753248352 2.0395722463726988 2.5135262599214911 2.4066207064315668 3.9308559335768223 2.4659690354019403 1.9272207627072924 2.8094143969938159 1.8352452851831911 6.7010606769472361
leaf_count=66 30 12 34 10 27 23 21 16 20 38
internal_value=0.00789137 -0.0216394 -0.0366393 0.0444974 -0.0725868 -0.0284087 0.0402396 -0.0116195 -0.0792572 0.0745969
internal_weight=34.5564 18.0649 16.0253 4.92015 11.1052 6.39682 16.4915 6.57188 3.76247 9.9196
internal_count=297 172 160 44 116 50 125 57 41 68
is_linear=0
shrinkage=0.122904


Tree=32
num_leaves=10
num_cat=0
split_feature=0 16 10 34 18 40 25 10 17
split_gain=1.93862 2.34793 2.83566 2.11186 1.9524 2.08136 1.80746 2.37555 0.715427
threshold=-10.129229999999998 1.3949058493833317 0.27226904258260709 1.1162195882129222 -0.085644953859220926 17.429693548387096 0.00080866584074745014 0.16672060204343461 3.1506216470113686
decision_type=2 2 2 2 2 2 2 2 2
left_child=-1 4 3 8 5 -2 7 -6 -3
right_child=1 2 -4 -5 6 -7 -8 -9 -10
leaf_value=0.084038758949126185 0.016272993499482819 -0.069335253488953127 0.099053314549810437 -0.14028834522973796 -0.071674968552521229 -0.12129583289342183 0.090896912822687526 0.07614386996122828 0.043760670166357582
leaf_weight=3.964462235569953 4.4005436087027219 1.6848426451906546 1.471007365733384 4.6506540644913912 3.4211136717349309 2.6687268763780594 6.433752560056746 3.1582873854786158 1.6947096944786606
leaf_count=24 37 24 6 96 33 16 34 14 16
internal_value=0.0033318 -0.00748371 -0.0578223 -0.0865598 0.0163321 -0.0356611 0.0445769 -0.000717965 -0.0126223
internal_weight=33.5481 29.5836 9.50121 8.03021 20.0824 7.06927 13.0132 6.5794 3.37955
internal_count=300 276 142 136 134 53 81 47 40
is_linear=0
shrinkage=0.122904


Tree=33
num_leaves=10
num_cat=0
split_feature=1 60 19 18 46 6 7 18 11
split_gain=2.43326 1.84208 1.56443 2.07081 2.06449 2.40469 1.11124 0.902686 0.850708
threshold=0.91696298120000008 1.7500000000000002 -46.975306548795551 -0.37053374016270141 0.03479476775466276 2.2349035839607239 0.0023560741633108007 -0.051962051249180997 26.775262260524645
decision_type=2 2 2 2 2 2 2 2 2
left_child=1 2 7 8 6 -6 -5 -1 -4
right_child=-2 -3 3 4 5 -7 -8 -9 -10
leaf_value=0.10304630501535306 0.1072385157202539 -0.094458324642577168 -0.034056485371466598 0.0077236648687725624 0.024712273682076534 -0.096998984670969346 0.10954166012776838 0.0064158032993402838 -0.15346835177074436
leaf_weight=3.1879422385245562 3.0603438690304747 3.2982674250379196 1.6972558777779405 3.2013335172086981 5.4542062194086594 4.4547824105247855 3.2761872354894876 2.6946060336194959 1.9214374511502681
leaf_count=14 21 32 24 27 53 67 15 27 20
internal_value=0.00297801 -0.00795451 0.00306676 -0.0133168 0.00526549 -0.0300056 0.0592213 0.0587833 -0.0974622
internal_weight=32.2464 29.186 25.8878 20.0052 16.3865 9.90899 6.47752 5.88255 3.61869
internal_count=300 279 247 206 162 120 42 41 44
is_linear=0
shrinkage=0.122904


Tree=34
num_leaves=10
num_cat=0
split_feature=1 3 21 42 9 27 32 14 6
split_gain=2.04595 1.79004 1.90532 2.46374 2.65918 1.88265 3.05847 1.16188 1.00054
threshold=0.91696298120000008 1.8336746732559472 0.00075490520120775016 -0.017121843811416296 27.042743669890292 2.8861728913503479 -1.6764999999999997 2.4380237122995339 2.2349035839607239
decision_type=2 2 2 2 2 2 2 2 2
left_child=1 -1 3 -3 7 8 -7 -5 -4
right_child=-2 2 5 4 -6 6 -8 -9 -10
leaf_value=-0.10515278615314091 0.1024785693939359 0.049226076530316326 0.12194108421690625 -0.16103754838591838 0.031724743680913887 0.064910833223552455 -0.12199099840865762 -0.05516439145439362 0.030576872909087172
leaf_weight=2.5639427378773751 2.8243049308657637 4.1030269502662184 3.7280738037079555 3.2718656202778167 2.912854959256947 2.9619048852473497 2.3894364135339856 3.0027860573027283 3.5202347245067358
leaf_count=28 21 35 19 34 25 15 46 51 26
internal_value=0.00270736 -0.00719588 0.00250508 -0.0299581 -0.0653208 0.0367483 -0.0185433 -0.110372 0.0775693
internal_weight=31.2784 28.4541 25.8902 13.2905 9.18751 12.5996 5.35134 6.27465 7.24831
internal_count=300 279 251 145 110 106 61 85 45
is_linear=0
shrinkage=0.122904


Tree=35
num_leaves=10
num_cat=0
split_feature=0 16 12 12 43 19 43 27 50
split_gain=1.66924 2.05166 2.12327 1.73446 1.49592 1.35659 1.3427 1.16348 1.05884
threshold=-10.129229999999998 1.3949058493833317 -0.0012457429547776497 0.00076570452486165021 0.44083916083916019 -42.48522961945995 -2.8871627906976713 2.0282551421077692 0.93000000000000005
decision_type=2 2 2 2 2 2 2 2 2
left_child=-1 4 -3 6 7 -6 -4 -2 -9
right_child=1 2 3 -5 5 -7 -8 8 -10
leaf_value=0.080195561872239987 -0.026798155102035367 0.10176687840290756 0.025974114174905895 0.030474614749590238 0.028911021599281429 -0.085454992554907711 -0.13899012201700978 0.024139023422977506 0.10994254450096562
leaf_weight=3.6605088561773327 2.8516354104504051 1.0900485720485491 0.88028195826337086 1.6152499103918669 2.8947588875889778 3.4148774724453679 4.8600398194976053 4.7233845368027669 4.022616982460022
leaf_count=24 26 7 8 15 16 39 112 31 22
internal_value=0.00242599 -0.00837657 -0.0583113 -0.0820343 0.0151743 -0.0329859 -0.113693 0.0413755 0.0636036
internal_weight=30.0134 26.3529 8.44562 7.35557 17.9073 6.30964 5.74032 11.5976 8.746
internal_count=300 276 142 135 134 55 120 79 53
is_linear=0
shrinkage=0.122904


Tree=36
num_leaves=10
num_cat=0
split_feature=19 29 34 11 38 53 11 46 2
split_gain=1.76361 1.43067 1.47972 2.06867 2.92884 1.75256 1.57631 0.583891 0.460389
threshold=2.7159606975304711 1.9449769908958987 1.0292168452295498 26.935046071292806 -0.060408163265312342 0.94000000000000006 26.706055483905072 0.03479476775466276 6.3952455520500004
decision_type=2 2 2 2 2 2 2 2 2
left_child=1 2 -1 5 -5 8 -7 -6 -4
right_child=-2 -3 3 4 7 6 -8 -9 -10
leaf_value=0.10223368686935812 0.11679308138949136 -0.10170686955385393 -0.14623308471289359 -0.07405458752516933 0.14000545239696838 0.033710767200396556 -0.059801147707085271 0.060383645072956904 -0.051269189121462423
leaf_weight=2.1588361090980568 1.9888889491558064 2.0545782218687227 2.0784527570940585 2.2610040102154016 2.2311574146151525 5.9745022733695787 5.0031754076480865 3.6958761839196086 1.2261239681392906
leaf_count=12 15 33 45 30 6 51 51 39 14
internal_value=0.00514587 -0.00317598 0.00504367 -0.00429403 0.044957 -0.0325298 -0.00890819 0.090357 -0.110999
internal_weight=28.6726 26.6837 24.6291 22.4703 8.18804 14.2823 10.9777 5.92703 3.30458
internal_count=296 281 248 236 75 161 102 45 59
is_linear=0
shrinkage=0.122904


Tree=37
num_leaves=9
num_cat=0
split_feature=1 19 40 0 27 27 34 28
split_gain=1.79186 1.68244 1.86047 2.19196 1.82625 2.12636 1.35833 0.927922
threshold=0.92627465725000013 2.7159606975304711 13.877628205128206 -9.3936749999999982 2.0842776908946932 2.2826779525404297 1.3017892366869004 1.6063460227305224
decision_type=2 2 2 2 2 2 2 2
left_child=1 2 6 -4 -5 -6 7 -1
right_child=-2 -3 3 4 5 -7 -8 -9
leaf_value=-0.011544995682494006 0.10937207501782739 0.11015033669817556 0.10252952983505598 -0.099290613922023957 0.1056340150794776 -0.019083891853246337 0.06243190846337715 -0.13587857542731802
leaf_weight=1.2377935396507478 2.2680041119456282 1.7926100157201279 2.9553107991814711 2.9868859695270578 2.6369690932333461 9.5191213060170394 0.89953152369707812 3.3898619974497706
leaf_count=18 19 14 20 28 12 80 8 97
internal_value=0.00469945 -0.00464043 -0.0133505 0.00570948 -0.0131862 0.00797088 -0.0757602 -0.102623
internal_weight=27.6861 25.4181 23.6255 18.0983 15.143 12.1561 5.52719 4.62766
internal_count=296 277 263 140 120 92 123 115
is_linear=0
shrinkage=0.122904


end of trees

feature_importances:
cnn_pose_score=25
md_contact_per_atom_mean=23
vina_affinity=21
md_eelec_mean=13
md_rg_last=11
md_mmgbsa_delta_total=11
md_distance_std=10
md_eelec_slope=10
md_mmpbsa_delta_total=10
md_contact_unique_residues=10
md_distance_min=9
md_prolif_vdw_count_last=9
md_rg_std=8
md_prolif_hbond_freq=8
md_distance_drift=7
md_eelec_drift=7
cnn_affinity=6
md_rmsd_lig_drift=6
md_rmsd_ca_mean=5
md_evdw_drift=5
md_rmsd_lig_mean=5
md_contact_std=5
md_contact_drift=5
md_contact_per_atom_slope=5
md_contact_per_atom_drift=5
md_prolif_interaction_entropy=5
md_prolif_ionic_count_mean=5
md_rmsd_ca_std=4
md_rmsd_ca_last=4
md_rg_slope=4
md_distance_mean=4
md_distance_p10=4
md_eelec_std=4
md_rmsf_protein_mean=4
md_prolif_any_contact_count_mean=4
md_prolif_ionic_freq=4
md_rmsd_ca_slope=3
md_rg_mean=3
md_evdw_mean=3
md_evdw_slope=3
md_rmsf_protein_max=3
md_rmsf_protein_std=3
md_prolif_polar_ratio=3
md_prolif_aromatic_ratio=3
md_rmsd_ca_p10=2
md_rg_drift=2
md_evdw_std=2
md_rmsd_lig_p10=2
md_mmpbsa_std=2
md_contact_slope=2
md_contact_per_atom_std=2
md_prolif_hbond_count_mean=2
md_prolif_aromatic_count_max=2
md_prolif_vdw_count_mean=2
md_rmsd_ca_drift=1
md_prolif_any_contact_count_last=1

parameters:
[boosting: gbdt]
[objective: binary]
[metric: binary_logloss]
[tree_learner: serial]
[device_type: cpu]
[data_sample_strategy: bagging]
[data: ]
[valid: ]
[num_iterations: 38]
[learning_rate: 0.122904]
[num_leaves: 30]
[num_threads: 8]
[seed: 42]
[deterministic: 1]
[force_col_wise: 0]
[force_row_wise: 1]
[histogram_pool_size: -1]
[max_depth: 6]
[min_data_in_leaf: 20]
[min_sum_hessian_in_leaf: 0.001]
[bagging_fraction: 0.9664]
[pos_bagging_fraction: 1]
[neg_bagging_fraction: 1]
[bagging_freq: 4]
[bagging_seed: 400]
[bagging_by_query: 0]
[feature_fraction: 0.600053]
[feature_fraction_bynode: 1]
[feature_fraction_seed: 30056]
[extra_trees: 0]
[extra_seed: 12879]
[early_stopping_round: 0]
[early_stopping_min_delta: 0]
[first_metric_only: 0]
[max_delta_step: 0]
[lambda_l1: 1.16691e-07]
[lambda_l2: 3.7544e-05]
[linear_lambda: 0]
[min_gain_to_split: 0.404786]
[drop_rate: 0.1]
[max_drop: 50]
[skip_drop: 0.5]
[xgboost_dart_mode: 0]
[uniform_drop: 0]
[drop_seed: 17869]
[top_rate: 0.2]
[other_rate: 0.1]
[min_data_per_group: 100]
[max_cat_threshold: 32]
[cat_l2: 10]
[cat_smooth: 10]
[max_cat_to_onehot: 4]
[top_k: 20]
[monotone_constraints: ]
[monotone_constraints_method: basic]
[monotone_penalty: 0]
[feature_contri: ]
[forcedsplits_filename: ]
[refit_decay_rate: 0.9]
[cegb_tradeoff: 1]
[cegb_penalty_split: 0]
[cegb_penalty_feature_lazy: ]
[cegb_penalty_feature_coupled: ]
[path_smooth: 0]
[interaction_constraints: ]
[verbosity: -1]
[saved_feature_importance_type: 0]
[use_quantized_grad: 0]
[num_grad_quant_bins: 4]
[quant_train_renew_leaf: 0]
[stochastic_rounding: 1]
[linear_tree: 0]
[max_bin: 398]
[max_bin_by_feature: ]
[min_data_in_bin: 3]
[bin_construct_sample_cnt: 200000]
[data_random_seed: 175]
[is_enable_sparse: 1]
[enable_bundle: 1]
[use_missing: 1]
[zero_as_missing: 0]
[feature_pre_filter: 0]
[pre_partition: 0]
[two_round: 0]
[header: 0]
[label_column: ]
[weight_column: ]
[group_column: ]
[ignore_column: ]
[categorical_feature: ]
[forcedbins_filename: ]
[precise_float_parser: 0]
[parser_config_file: ]
[objective_seed: 16083]
[num_class: 1]
[is_unbalance: 0]
[scale_pos_weight: 3.24658]
[sigmoid: 1]
[boost_from_average: 1]
[reg_sqrt: 0]
[alpha: 0.9]
[fair_c: 1]
[poisson_max_delta_step: 0.7]
[tweedie_variance_power: 1.5]
[lambdarank_truncation_level: 30]
[lambdarank_norm: 1]
[label_gain: ]
[lambdarank_position_bias_regularization: 0]
[eval_at: ]
[multi_error_top_k: 1]
[auc_mu_weights: ]
[num_machines: 1]
[local_listen_port: 12400]
[time_out: 120]
[machine_list_filename: ]
[machines: ]
[gpu_platform_id: -1]
[gpu_device_id: -1]
[gpu_use_dp: 0]
[num_gpu: 1]

end of parameters

pandas_categorical:[]
