tree
version=v4
num_class=1
num_tree_per_iteration=1
label_index=0
max_feature_idx=64
objective=binary sigmoid:1
feature_names=vina_affinity cnn_pose_score cnn_affinity md_rmsd_ca_mean md_rmsd_ca_std md_rmsd_ca_p10 md_rmsd_ca_last md_rmsd_ca_slope md_rmsd_ca_drift md_rg_mean md_rg_std md_rg_last md_rg_slope md_rg_drift md_distance_mean md_distance_std md_distance_min md_distance_p10 md_distance_drift md_eelec_mean md_eelec_std md_eelec_slope md_eelec_drift md_evdw_mean md_evdw_std md_evdw_slope md_evdw_drift md_rmsd_lig_mean md_rmsd_lig_p10 md_rmsd_lig_drift md_mmgbsa_delta_total md_mmgbsa_std md_mmpbsa_delta_total md_mmpbsa_std md_rmsf_protein_mean md_rmsf_protein_max md_rmsf_protein_std md_contact_std md_contact_slope md_contact_drift md_contact_per_atom_mean md_contact_per_atom_std md_contact_per_atom_slope md_contact_per_atom_drift md_contact_unique_residues md_prolif_interaction_entropy md_prolif_polar_ratio md_prolif_aromatic_ratio md_prolif_any_contact_count_mean md_prolif_any_contact_count_last md_prolif_hbond_freq md_prolif_ionic_freq md_prolif_hydrophobic_count_mean md_prolif_hbond_count_mean md_prolif_hbond_count_max md_prolif_hbond_count_last md_prolif_aromatic_count_median md_prolif_aromatic_count_max md_prolif_aromatic_count_p90 md_prolif_aromatic_count_last md_prolif_ionic_count_mean md_prolif_ionic_count_max md_prolif_ionic_count_last md_prolif_vdw_count_mean md_prolif_vdw_count_last
feature_infos=[-13.336220000000001:-3.95513] [0.1209790483:0.97915929560000003] [2.9937837124:8.5489177703999992] [1.6023210557841181:3.5564206788977537] [0.15965357188147419:0.91937204022727959] [1.3414661572262685:2.7112614985223278] [1.6872058043635152:4.1184719854243843] [-0.00033065440619149997:0.0059700958278378] [-0.38513999488293882:1.8890218534395515] [25.86658204683463:27.739468277768282] [0.083617486646757694:0.3612826841368631] [25.54625935397172:27.927280785891018] [-0.0019545632805877998:0.0022436868000718] [-0.65175054617770556:0.82648420239799236] [0.50208683375640462:30.367526134083874] [0.1664826071491104:15.381902128384118] [0.046509425068849801:4.951536086565044] [0.23397615864576979:8.0027603877289] [-1.8951625966885337:37.009744600195006] [-157.98522085605609:12.278524830365368] [0.63453667166980343:23.810891732942256] [-0.1206785738505049:0.133726586393321] [-39.943644748660972:37.465290593145866] [-82.071576955577768:-3.309029331879584] [1.4027175701868979:8.0215289643346228] [-0.040070853138427502:0.049533472272639899] [-10.23489356125846:21.193619048137148] [1.0230369446648719:29.674375011458309] [0.63813706126432401:7.1505635366060876] [-2.1578772231279251:28.874242146783462] [-74.284999999999997:-0.52680000000000005] [1.0674999999999999:12.0207] [-32.779499999999999:24.896000000000001] [1.2230000000000001:14.6953] [0.97771655268542845:1.6511088854108962] [2.502335683876697:11.259332064685999] [0.37710395719926781:1.0818920576855418] [14.740474890586125:151.39331028813658] [-6.861512605042023:8.3437214885954418] [-231.91999999999999:181] [1.0916279069767445:20.922666666666668] [0.59478573287126757:5.0478519193811531] [-0.32122208883553438:0.18106122448979611] [-10.028:5.3626666666666694] [12:45] [0.69163694059834513:1.6075837184941697] [0:0.39974619289340102] [0:0.092975206611570202] [1.04:32.920000000000002] [0:32] [0:1] [0:1] [0.54000000000000004:15.24] [0:5.1600000000000001] [0:8] [0:5] [0:1] [0:3] [0:2] [0:2] [0:4.1200000000000001] [0:6] [0:5] [0.35999999999999999:10.640000000000001] [0:12]
tree_sizes=949 968 969 1061 973 975 962 976 1172 875 1272 772 976 973 869 873 768 870 972 1071 770 871 771

Tree=0
num_leaves=8
num_cat=0
split_feature=40 2 17 52 18 37 6
split_gain=70.5796 29.9814 27.1681 15.1698 11.2107 6.8161 5.082
threshold=14.115000000000002 5.9681596756000008 1.6500527918415819 11.730000000000002 0.03300834218106706 38.86079066393313 2.1213414917725157
decision_type=2 2 2 2 2 2 2
left_child=3 2 4 6 -2 -4 -1
right_child=1 -3 5 -5 -6 -7 -8
leaf_value=-0.60542423430434678 -0.54344648045241839 -0.4078575342027802 -0.56617042934608042 -0.49994121209562292 -0.4051514288203848 -0.68964091463309829 -0.68127817977779925
leaf_weight=5.7857022881507936 5.0008843839168566 14.288240969181059 3.9468677639961225 3.2096773386001578 5.9989904463291168 4.3672319948673248 14.20334008336067
leaf_count=22 17 36 14 10 15 19 61
internal_value=-0.545815 -0.482686 -0.538131 -0.63726 -0.467894 -0.631095 -0.659353
internal_weight=56.8009 33.6022 19.314 23.1987 10.9999 8.3141 19.989
internal_count=194 101 65 93 32 33 83
is_linear=0
shrinkage=1


Tree=1
num_leaves=8
num_cat=0
split_feature=17 1 30 37 32 32 1
split_gain=51.2592 29.519 12.8786 13.5012 8.18605 7.10549 5.37691
threshold=2.0010365984705003 0.77560415860000009 -31.086099999999998 33.14103939762709 -3.0751999999999997 3.2900000000000005 0.68733489515000012
decision_type=2 2 2 2 2 2 2
left_child=2 4 6 -4 -2 -5 -1
right_child=1 -3 3 5 -6 -7 -8
leaf_value=0.083811463728605956 0.011007276135115677 0.099645247870643397 0.12210608437770443 -0.057185896035782134 -0.096133437989786394 0.062210322402474726 0.17149368173466095
leaf_weight=5.0249367952346828 4.1660808175802293 5.8342994153499594 7.3425486981868771 4.9576531648635846 16.152886345982552 4.3246409595012665 9.4399655461311323
leaf_count=15 15 17 20 20 71 14 22
internal_value=0.0349664 -0.0353651 0.09412 0.0531212 -0.0741733 -0.00154872 0.141144
internal_weight=57.243 26.1533 31.0897 16.6248 20.319 9.28229 14.4649
internal_count=194 103 91 54 86 34 37
is_linear=0
shrinkage=0.0681768


Tree=2
num_leaves=8
num_cat=0
split_feature=14 2 0 30 32 8 1
split_gain=38.1183 16.4015 16.0475 14.7378 9.55988 8.72565 4.61717
threshold=2.7452042122465277 5.0741734504500009 -8.8972799999999967 -17.001649999999994 -1.1796999999999997 0.059441596257408157 0.67098730805000006
decision_type=2 2 2 2 2 2 2
left_child=1 3 -2 -1 -4 -3 -7
right_child=2 5 4 -5 -6 6 -8
leaf_value=-0.080115979292072828 0.065470043037713269 0.023594745192884535 0.015240858707999348 0.099206592505683353 -0.090215221289639741 0.0884480122916321 0.14974422880181387
leaf_weight=4.544711172580719 7.0771007090806988 4.4850841462612179 5.9488078206777635 3.9851194173097593 12.132611438632006 9.1699533611536044 15.522591114044188
leaf_count=19 23 15 21 11 55 27 37
internal_value=0.0435084 0.0868599 -0.0214786 0.00368795 -0.0555349 0.111161 0.127044
internal_weight=62.866 37.7075 25.1585 8.52983 18.0814 29.1776 24.6925
internal_count=208 109 99 30 76 79 64
is_linear=0
shrinkage=0.0681768


Tree=3
num_leaves=9
num_cat=0
split_feature=40 2 40 0 18 1 19 43
split_gain=34.19 24.3995 27.1436 9.01542 7.59978 5.85568 6.77166 5.84581
threshold=12.420933333333336 5.745768785450001 16.93904137931035 -8.7244349999999979 0.03300834218106706 0.80823194980000013 -9.0950680638364378 1.2519999999999991
decision_type=2 2 2 2 2 2 2 2
left_child=3 2 7 -1 -4 6 -3 -2
right_child=1 5 4 -5 -6 -7 -8 -9
leaf_value=0.028331918873786215 -0.1015582493531771 0.040658065547888672 0.016676066510938139 -0.08730241863884125 0.12756910132567531 0.15138874896958737 0.13026680904751003 0.010968428453387791
leaf_weight=4.549712359905242 7.0175999402999896 7.8293216675519943 4.7252094596624357 10.016788288950918 7.3313621431589127 10.617264211177824 7.8734199404716509 3.0846912264823914
leaf_count=16 32 25 16 46 18 24 20 11
internal_value=0.0403642 0.0678812 0.0151512 -0.0511923 0.0841776 0.112243 0.0856642 -0.0672306
internal_weight=63.0454 48.4789 22.1589 14.5665 12.0566 26.32 15.7027 10.1023
internal_count=208 146 77 62 34 69 45 43
is_linear=0
shrinkage=0.0681768


Tree=4
num_leaves=8
num_cat=0
split_feature=48 19 2 19 1 27 2
split_gain=27.0772 18.9336 12.7042 10.1465 7.78241 9.08624 7.05877
threshold=17.800000000000004 -1.919920689044788 6.2629880905000013 -37.857067947598253 0.79722088575000016 3.0038596108256796 6.1571772098500013
decision_type=2 2 2 2 2 2 2
left_child=1 2 3 -1 5 6 -2
right_child=4 -3 -4 -5 -6 -7 -8
leaf_value=-0.0072102931720716976 0.032021844654574146 0.087645018877600844 0.068382167672331892 -0.10077078483417458 0.13662079047893169 -0.025164634663135146 0.13301113564445213
leaf_weight=10.577308222651483 5.8048639446497017 7.8928444832563391 4.7283265590667716 10.972112342715265 9.399379611015318 4.3916907757520667 7.2342710942029953
leaf_count=39 19 24 15 51 21 17 18
internal_value=0.0353923 -0.00486065 -0.0326777 -0.0548821 0.0866339 0.0595913 0.0881344
internal_weight=61.0008 34.1706 26.2777 21.5494 26.8302 17.4308 13.0391
internal_count=204 129 105 90 75 54 37
is_linear=0
shrinkage=0.0681768


Tree=5
num_leaves=8
num_cat=0
split_feature=40 2 2 40 53 7 12
split_gain=24.7882 24.2098 10.1372 19.2716 9.94847 11.8021 7.1328
threshold=14.649608879492604 5.7825241089000015 5.9681596756000008 17.227826086956522 1.5500000000000003 0.0017746761726954504 -0.00033959008265329991
decision_type=2 2 2 2 2 2 2
left_child=1 -1 3 -2 5 -3 -5
right_child=2 4 -4 6 -6 -7 -8
leaf_value=-0.097029987513001972 -0.061608085199660927 -0.081656006802237655 0.11919026210554243 0.015791919764119162 0.099355061632630748 0.060889196906224637 0.11985245048481871
leaf_weight=10.330413803458216 5.8547724485397366 5.0794212669134158 13.226419121026991 4.5607719570398322 6.7404297590255728 5.7310922741889954 9.3306874930858594
leaf_count=50 25 22 31 15 19 19 23
internal_value=0.0330233 -0.0142935 0.0730232 0.0420371 0.034443 -0.00610561 0.0857382
internal_weight=60.854 27.8814 32.9727 19.7462 17.5509 10.8105 13.8915
internal_count=204 110 94 63 60 41 38
is_linear=0
shrinkage=0.0681768


Tree=6
num_leaves=8
num_cat=0
split_feature=27 52 40 20 53 24 40
split_gain=27.0659 18.4602 24.2333 10.9076 4.36788 3.56231 2.79698
threshold=3.6266004478350875 9.9400000000000031 16.93904137931035 4.2116655523994222 1.8300000000000003 2.9928671966896219 13.497954545454549
decision_type=2 2 2 2 2 2 2
left_child=1 2 3 -1 -4 -2 -3
right_child=5 6 4 -5 -6 -7 -8
leaf_value=0.035943317961344513 -0.018390524787639327 0.0594265625298614 0.04696819915591767 -0.079992131655784102 0.12501263432625576 -0.099159467504959672 0.12143235784187312
leaf_weight=5.8180525898933473 3.9806235730648023 4.6800701171159771 7.0109274387359601 10.67734321951866 6.38811194896698 7.0272790789604187 12.60463175177574
leaf_count=20 16 14 21 49 15 34 30
internal_value=0.0261899 0.0486501 0.0162058 -0.0391048 0.0842681 -0.0700127 0.104705
internal_weight=58.187 47.1791 29.8944 16.4954 13.399 11.0079 17.2847
internal_count=199 149 105 69 36 50 44
is_linear=0
shrinkage=0.0681768


Tree=7
num_leaves=8
num_cat=0
split_feature=27 2 32 19 16 10 24
split_gain=23.8757 17.9476 22.8024 5.98217 4.94881 4.70386 3.35585
threshold=3.6266004478350875 6.0875821113500015 -2.9125999999999999 -9.0950680638364378 0.85538190210764575 0.12068186024515591 2.9928671966896219
decision_type=2 2 2 2 2 2 2
left_child=1 2 4 -4 -1 -3 -2
right_child=6 5 3 -5 -6 -7 -8
leaf_value=0.092469273481644937 -0.017232364671296026 0.030534474458822038 -0.097822850751633425 0.0020589864247124679 0.0042388931685901545 0.10998963751620522 -0.09632724245528744
leaf_weight=10.021920368075369 3.9602070450782758 4.4157912731170681 7.5742709636688215 4.4041365832090396 4.1899777203798303 16.270860016345978 6.7507352381944656
leaf_count=26 16 14 37 17 15 40 34
internal_value=0.0246336 0.0456177 0.00811427 -0.061139 0.0664869 0.0930612 -0.0671438
internal_weight=57.5879 46.877 26.1903 11.9784 14.2119 20.6867 10.7109
internal_count=199 149 95 54 41 54 50
is_linear=0
shrinkage=0.0681768


Tree=8
num_leaves=10
num_cat=0
split_feature=14 0 48 0 1 41 34 17 63
split_gain=29.7593 9.02231 8.48529 11.4652 6.73096 5.95373 3.97672 4.40265 3.15085
threshold=2.7452042122465277 -8.4747349999999972 17.740000000000006 -7.6812299999999984 0.64602521065000007 1.7832482647572701 1.126321204542813 1.5020127042448657 4.0700000000000012
decision_type=2 2 2 2 2 2 2 2 2
left_child=2 4 3 -1 -2 -3 -4 -8 -5
right_child=1 5 6 8 -6 -7 7 -9 -10
leaf_value=-0.063443091248633038 -0.030047448445319987 -0.095026093412839463 0.11520968978096559 0.10260188635962303 0.090176194065548373 -0.0029955217889089166 0.098512273183700164 0.011376160355023153 0.023989562755755315
leaf_weight=4.6189354360103598 4.8049714565277117 9.5741201937198621 13.770686015486719 5.2519761472940427 3.9175596684217453 4.9578905105590811 6.0840362906455976 4.8373928666114807 4.329085499048233
leaf_count=19 20 49 33 14 11 22 15 16 15
internal_value=0.0302172 -0.0307833 0.066689 0.0246629 0.0240061 -0.0636612 0.0908297 0.0599814 0.0671687
internal_weight=62.1467 23.2545 38.8921 14.2 8.72253 14.532 24.6921 10.9214 9.58106
internal_count=214 102 112 48 31 71 64 31 29
is_linear=0
shrinkage=0.0681768


Tree=9
num_leaves=7
num_cat=0
split_feature=14 51 30 30 23 2
split_gain=26.0739 8.42361 6.51179 5.71155 8.27995 4.06406
threshold=2.7452042122465277 1.0000000180025095e-35 -32.152099999999997 -38.894349999999996 -41.173313259565212 5.7660169601500009
decision_type=2 2 2 2 2 2
left_child=3 -2 -3 -1 -5 -6
right_child=1 2 -4 4 5 -7
leaf_value=0.10051357022153409 0.047321036047196584 0.0035725791508221744 -0.082641701797837697 -0.04181774367120962 0.040067536957262902 0.10200373040912274
leaf_weight=12.49141789972782 5.1522041112184551 6.3554387092590376 11.314149528741833 4.3096099495887747 14.291938021779066 7.5272725373506537
leaf_count=31 18 25 59 16 46 19
internal_value=0.0284699 -0.0292937 -0.0516534 0.0626024 0.0444342 0.0614862
internal_weight=61.442 22.8218 17.6696 38.6202 26.1288 21.8192
internal_count=214 102 84 112 81 65
is_linear=0
shrinkage=0.0681768


Tree=10
num_leaves=11
num_cat=0
split_feature=48 40 4 24 39 21 34 36 33 31
split_gain=17.8649 14.1212 10.3782 9.08127 6.39081 6.00823 5.75684 3.85815 4.58958 1.70558
threshold=18.190000000000001 12.420933333333336 0.32237662281642837 2.9896358128930016 27.16 -0.0062001486890089991 1.1980952910294702 0.50842650584478666 5.3583500000000006 3.7624500000000007
decision_type=2 2 2 2 2 2 2 2 2 2
left_child=2 -2 7 6 -5 -3 -4 8 -1 -7
right_child=1 5 3 4 -6 9 -8 -9 -10 -11
leaf_value=-0.072112727154763676 -0.068817261694617396 0.032112957407140562 -0.0049650585526819536 -0.078050646219337314 0.045791182739150373 0.12541864020284155 0.098150699441595143 -0.098946032142192858 0.041327082993116257 0.077200811014935561
leaf_weight=3.9803318977355939 3.3262451887130764 7.558171942830092 4.0286711454391497 5.5382890999317151 2.9630768597126007 9.0418965518474526 6.6848502457141876 6.3636889457702637 2.8218666464090347 5.6345315277576438
leaf_count=19 15 23 15 27 10 21 18 33 10 16
internal_value=0.019388 0.0619806 -0.0142461 0.0177017 -0.034882 0.0815787 0.0594191 -0.0608417 -0.0250639 0.106998
internal_weight=57.9416 25.5608 32.3808 19.2149 8.50137 22.2346 10.7135 13.1659 6.8022 14.6764
internal_count=207 75 132 70 37 60 33 62 29 37
is_linear=0
shrinkage=0.0681768


Tree=11
num_leaves=6
num_cat=0
split_feature=0 1 24 51 27
split_gain=17.7183 14.8165 14.3078 8.23728 2.92298
threshold=-9.3936749999999982 0.85994222760000005 2.44569621896806 0.15000000000000005 2.2826779525404297
decision_type=2 2 2 2 2
left_child=4 2 -2 -4 -1
right_child=1 -3 3 -5 -6
leaf_value=0.11424977966273635 0.059776701954706211 0.082921147856088062 0.008050520203338192 -0.069441457368693046 0.047134077356844009
leaf_weight=7.9500517547130567 8.0439344048500043 7.8183248937129965 9.6472736150026339 18.773028641939163 4.9044732451438904
leaf_count=19 25 22 36 90 15
internal_value=0.018303 -0.00215984 -0.0204269 -0.0431456 0.0887217
internal_weight=57.1371 44.2826 36.4642 28.4203 12.8545
internal_count=207 173 151 126 34
is_linear=0
shrinkage=0.0681768


Tree=12
num_leaves=8
num_cat=0
split_feature=16 52 38 64 28 40 0
split_gain=18.5029 17.4874 6.95273 9.25656 5.94976 5.92438 3.2261
threshold=0.60078625950817077 9.490000000000002 0.063625450180070667 4.5000000000000009 1.9668246305537722 12.890565410199562 -7.3201399999999994
decision_type=2 2 2 2 2 2 2
left_child=6 2 3 -2 -3 -6 -1
right_child=1 4 -4 -5 5 -7 -8
leaf_value=0.10616894247089964 -0.073914009900101413 0.097245986026677722 -0.083917828252361326 0.039916260022077397 -0.047490674882747351 0.066582747266920303 0.04166000321032283
leaf_weight=9.9758333563804609 5.8477013558149356 7.1087189912796012 10.243796452879904 7.646051898598671 4.0009510368108732 4.4613948166370392 5.679287612438201
leaf_count=25 31 18 54 27 17 13 17
internal_value=0.0201798 -0.00478969 -0.0416103 -0.00943877 0.0513288 0.0126597 0.0828248
internal_weight=54.9637 39.3086 23.7375 13.4938 15.5711 8.46235 15.6551
internal_count=202 160 112 58 48 30 42
is_linear=0
shrinkage=0.0681768


Tree=13
num_leaves=8
num_cat=0
split_feature=52 17 27 46 45 23 52
split_gain=15.6728 15.9604 8.39146 5.51494 7.56486 3.42985 2.54144
threshold=9.490000000000002 1.3112528181752818 3.0598456955242583 0.2374166268598624 1.2075830635598834 -42.202558018906402 7.370000000000001
decision_type=2 2 2 2 2 2 2
left_child=1 6 5 4 -3 -2 -1
right_child=2 3 -4 -5 -6 -7 -8
leaf_value=0.089639930652218744 0.054927260017770138 0.018628251446066901 -0.0032363915515398359 0.036657051624231211 -0.086842876074242487 0.11671911071895009 0.01970953714669654
leaf_weight=5.4115977585315722 8.1849083006382024 4.1292974501848283 6.7660363316535941 3.0887442976236335 13.402737021446226 8.6092602014541626 4.3721621334552765
leaf_count=14 24 18 25 12 73 21 15
internal_value=0.0191458 -0.0131966 0.0608671 -0.0472126 -0.0620061 0.0866746 0.0584623
internal_weight=53.9647 30.4045 23.5602 20.6208 17.532 16.7942 9.78376
internal_count=202 132 70 103 91 45 29
is_linear=0
shrinkage=0.0681768


Tree=14
num_leaves=7
num_cat=0
split_feature=2 40 18 27 4 24
split_gain=18.3286 19.7036 8.62318 7.58696 3.66499 2.41436
threshold=5.9916038513500007 17.227826086956522 0.23573727990407062 3.0758770469917063 0.28435318295035922 3.2519379147804983
decision_type=2 2 2 2 2 2
left_child=1 -1 -3 4 -2 -6
right_child=3 2 -4 -5 5 -7
leaf_value=-0.084957143978781582 0.021387769364003693 -0.03059297811696653 0.093239500452386603 -0.024150126435363319 0.10996557543590194 0.049876919890400301
leaf_weight=14.622174605727198 5.3119811266660752 4.7592117935419065 5.7697960436344147 5.1074824929237357 8.6386568546295148 4.9103671312332144
leaf_count=83 18 17 15 21 22 15
internal_value=0.00686147 -0.0337846 0.0372993 0.0495082 0.0694579 0.0882624
internal_weight=49.1197 25.1512 10.529 23.9685 18.861 13.549
internal_count=191 115 32 76 55 37
is_linear=0
shrinkage=0.0681768


Tree=15
num_leaves=7
num_cat=0
split_feature=2 40 18 1 0 60
split_gain=16.281 17.8943 7.66737 6.9969 5.03031 7.74463
threshold=5.9916038513500007 17.227826086956522 0.23573727990407062 0.40084983405000002 -8.7444399999999991 0.21000000000000005
decision_type=2 2 2 2 2 2
left_child=1 -1 -3 -2 -5 -6
right_child=3 2 -4 4 5 -7
leaf_value=-0.082756570313566896 -0.047080460637413141 -0.028581964997530612 0.088823540660732669 0.089603893933709114 0.073116520822849418 -0.061359073061043705
leaf_weight=14.00936569273472 3.1768154352903393 4.7481439113616926 5.6486465781927109 12.087947100400928 5.0957242548465693 3.2479639649391174
leaf_count=83 13 17 15 33 15 15
internal_value=0.00653656 -0.0325003 0.0352385 0.0468879 0.0615209 0.0207535
internal_weight=48.0146 24.4062 10.3968 23.6085 20.4316 8.34369
internal_count=191 115 32 76 63 30
is_linear=0
shrinkage=0.0681768


Tree=16
num_leaves=6
num_cat=0
split_feature=64 17 1 24 0
split_gain=15.4489 9.44402 6.8793 8.84705 12.1787
threshold=4.5000000000000009 1.4839638918484297 0.86585021020000019 2.44569621896806 -9.1611949999999975
decision_type=2 2 2 2 2
left_child=1 -1 3 -2 -5
right_child=2 -3 -4 4 -6
leaf_value=0.032127225660480811 0.10809229057826471 -0.089462544672236577 0.088784822925563486 0.065079131577565216 -0.036815388584091481
leaf_weight=4.3607928752899161 4.2838843613863018 9.2505647167563421 8.3801051527261716 8.7368765026330948 14.45003891736269
leaf_count=14 12 58 24 25 67
internal_value=0.0112893 -0.0505145 0.0347646 0.0182487 0.00159457
internal_weight=49.4623 13.6114 35.8509 27.4708 23.1869
internal_count=200 72 128 104 92
is_linear=0
shrinkage=0.0681768


Tree=17
num_leaves=7
num_cat=0
split_feature=64 17 19 20 19 11
split_gain=13.777 8.70718 7.04378 14.1853 7.04817 4.04897
threshold=4.5000000000000009 1.4839638918484297 -47.415321697025504 7.422438077477878 -9.0950680638364378 26.716966192830686
decision_type=2 2 2 2 2 2
left_child=1 -1 5 4 -4 -2
right_child=2 -3 3 -5 -6 -7
leaf_value=0.030027011109332077 0.11655197646467817 -0.087780173039188752 -0.014698688328485672 -0.099405165498398521 0.069428700073329977 0.035852588043547663
leaf_weight=4.3490975052118293 5.8117898106574959 8.8009872660040838 7.590798258781434 4.3541613295674315 11.831910073757179 5.7701922208070755
leaf_count=14 15 58 29 25 39 20
internal_value=0.0107178 -0.0488273 0.0328735 0.0116198 0.0365628 0.0764389
internal_weight=48.5089 13.1501 35.3589 23.7769 19.4227 11.582
internal_count=200 72 128 93 68 35
is_linear=0
shrinkage=0.0681768


Tree=18
num_leaves=8
num_cat=0
split_feature=40 2 51 44 6 44 28
split_gain=10.322 14.2642 10.444 9.24465 8.66199 4.25814 3.08469
threshold=15.965329985652799 5.7660169601500009 0.17000000000000001 22.500000000000004 2.193487620515731 28.500000000000004 1.5773408592215989
decision_type=2 2 2 2 2 2 2
left_child=1 6 5 -2 -4 -3 -1
right_child=3 2 4 -5 -6 -7 -8
leaf_value=0.0078188763212506066 -0.006025611132974177 0.13346095444129089 0.052952896926213744 0.094391823632389807 -0.065086902537634661 0.043962564675102289 -0.084781156133648977
leaf_weight=2.1487556323409098 5.9061550348997143 4.7433222085237521 5.5409389883279783 15.271899208426474 6.0086223110556602 5.1848666816949844 7.4878316298127174
leaf_count=11 21 12 17 45 29 17 53
internal_value=0.029704 0.00470707 0.0356241 0.0664016 -0.00846108 0.0868491 -0.0641515
internal_weight=52.2924 31.1143 21.4778 21.1781 11.5496 9.92819 9.63659
internal_count=205 139 75 66 46 29 64
is_linear=0
shrinkage=0.0681768


Tree=19
num_leaves=9
num_cat=0
split_feature=40 44 51 45 47 45 2 10
split_gain=9.63027 9.82809 9.62989 5.21976 5.1912 5.11603 3.67101 3.32247
threshold=13.433286713286718 22.500000000000004 0.17000000000000001 1.3911686076767154 0.019367266936175354 1.3214055312110751 5.0530872345000004 0.16524019682350263
decision_type=2 2 2 2 2 2 2 2
left_child=2 5 7 -4 6 -2 -3 -1
right_child=1 4 3 -5 -6 -7 -8 -9
leaf_value=0.007788684116912763 0.03550239618365543 0.01767834807288551 -0.0915131008834313 0.012318071055416142 0.0020218694012929242 -0.07934193522694305 0.095005765196349345 0.097976553552180795
leaf_weight=4.6927817761898067 3.6746637225151053 3.3872437626123491 6.6299651116132718 3.3985411152243614 4.4329416304826728 3.5146118551492691 18.35116770118475 3.1779202520847321
leaf_count=19 12 15 45 15 18 17 54 10
internal_value=0.028247 0.0498855 -0.0120902 -0.0563574 0.0692723 -0.0206858 0.0829759 0.0443127
internal_weight=51.2598 33.3606 17.8992 10.0285 26.1714 7.18928 21.7384 7.8707
internal_count=205 116 89 60 87 29 69 29
is_linear=0
shrinkage=0.0681768


Tree=20
num_leaves=6
num_cat=0
split_feature=27 40 51 19 19
split_gain=19.2756 8.26497 6.4464 3.69021 8.28292
threshold=3.64879191262238 13.433286713286718 0.23000000000000001 -16.978810929144252 -46.975306548795551
decision_type=2 2 2 2 2
left_child=1 2 -1 4 -3
right_child=-2 3 -4 -5 -6
leaf_value=0.036180501949657211 -0.079494190697413286 0.075036036728506506 -0.063516854373454598 0.088066591785959561 -0.024455248806509688
leaf_weight=6.7941513806581479 7.5483895614743224 10.521586254239082 5.3963986858725548 11.895665869116785 6.1567974314093599
leaf_count=25 49 35 30 35 27
internal_value=0.0204851 0.0390193 -0.00797447 0.0590624 0.038319
internal_weight=48.313 40.7646 12.1906 28.574 16.6784
internal_count=201 152 55 97 62
is_linear=0
shrinkage=0.0681768


Tree=21
num_leaves=7
num_cat=0
split_feature=40 44 11 28 34 2
split_gain=12.8317 7.77214 4.66227 8.03372 4.48763 3.52238
threshold=11.410916666666667 21.500000000000004 26.787894510923682 2.3056310452839637 1.1921553403844529 5.745768785450001
decision_type=2 2 2 2 2 2
left_child=-1 4 3 -3 -2 -4
right_child=1 2 5 -5 -6 -7
leaf_value=-0.071642952433918217 -0.081405087491420863 0.043284457427259129 0.031326196219416826 -0.077093469767159889 0.030560677555180868 0.096418084241244345
leaf_weight=6.2242841944098464 3.8663655072450629 14.627834506332876 6.1494592949748066 3.1140128374099723 2.9027388468384743 10.469949364662169
leaf_count=43 20 52 29 17 10 30
internal_value=0.0194826 0.0332924 0.0464443 0.0221118 -0.0334271 0.0723796
internal_weight=47.3546 41.1304 34.3613 17.7418 6.7691 16.6194
internal_count=201 158 128 69 30 59
is_linear=0
shrinkage=0.0681768


Tree=22
num_leaves=6
num_cat=0
split_feature=23 49 0 1 8
split_gain=10.428 12.4953 7.21934 5.42592 5.32051
threshold=-17.959991009855571 14.500000000000002 -6.8948899999999993 0.84494844075000008 0.085842165868073667
decision_type=2 2 2 2 2
left_child=1 4 3 -3 -1
right_child=-2 2 -4 -5 -6
leaf_value=0.029926954315767491 0.13476390068731678 0.020168828965088433 -0.072637085097392043 0.084024402822898844 -0.084213322185152067
leaf_weight=2.4755438789725295 3.2049539163708678 23.607934921979904 3.0505879297852543 8.3738220334053022 8.0406605675816518
leaf_count=13 9 92 17 28 54
internal_value=0.0161705 0.00778715 0.0273525 0.0369176 -0.05734
internal_weight=48.7535 45.5485 35.0323 31.9818 10.5162
internal_count=213 204 137 120 67
is_linear=0
shrinkage=0.0681768


end of trees

feature_importances:
md_contact_per_atom_mean=15
cnn_affinity=14
cnn_pose_score=10
vina_affinity=9
md_eelec_mean=8
md_rmsd_lig_mean=7
md_distance_p10=6
md_evdw_std=6
md_prolif_ionic_freq=5
md_prolif_hydrophobic_count_mean=5
md_distance_drift=4
md_mmgbsa_delta_total=4
md_mmpbsa_delta_total=4
md_contact_unique_residues=4
md_distance_mean=3
md_evdw_mean=3
md_rmsd_lig_p10=3
md_rmsf_protein_mean=3
md_prolif_interaction_entropy=3
md_prolif_any_contact_count_mean=3
md_prolif_vdw_count_last=3
md_rmsd_ca_std=2
md_rmsd_ca_last=2
md_rmsd_ca_drift=2
md_rg_std=2
md_rg_last=2
md_distance_min=2
md_eelec_std=2
md_contact_std=2
md_prolif_hbond_count_mean=2
md_rmsd_ca_slope=1
md_rg_slope=1
md_eelec_slope=1
md_mmgbsa_std=1
md_mmpbsa_std=1
md_rmsf_protein_std=1
md_contact_slope=1
md_contact_drift=1
md_contact_per_atom_std=1
md_contact_per_atom_drift=1
md_prolif_polar_ratio=1
md_prolif_aromatic_ratio=1
md_prolif_any_contact_count_last=1
md_prolif_ionic_count_mean=1
md_prolif_vdw_count_mean=1

parameters:
[boosting: gbdt]
[objective: binary]
[metric: binary_logloss]
[tree_learner: serial]
[device_type: cpu]
[data_sample_strategy: bagging]
[data: ]
[valid: ]
[num_iterations: 23]
[learning_rate: 0.0681768]
[num_leaves: 70]
[num_threads: 8]
[seed: 42]
[deterministic: 1]
[force_col_wise: 0]
[force_row_wise: 1]
[histogram_pool_size: -1]
[max_depth: 4]
[min_data_in_leaf: 14]
[min_sum_hessian_in_leaf: 0.001]
[bagging_fraction: 0.673287]
[pos_bagging_fraction: 1]
[neg_bagging_fraction: 1]
[bagging_freq: 2]
[bagging_seed: 400]
[bagging_by_query: 0]
[feature_fraction: 0.751957]
[feature_fraction_bynode: 1]
[feature_fraction_seed: 30056]
[extra_trees: 0]
[extra_seed: 12879]
[early_stopping_round: 0]
[early_stopping_min_delta: 0]
[first_metric_only: 0]
[max_delta_step: 0]
[lambda_l1: 4.78342e-05]
[lambda_l2: 0.0139411]
[linear_lambda: 0]
[min_gain_to_split: 1.69326]
[drop_rate: 0.1]
[max_drop: 50]
[skip_drop: 0.5]
[xgboost_dart_mode: 0]
[uniform_drop: 0]
[drop_seed: 17869]
[top_rate: 0.2]
[other_rate: 0.1]
[min_data_per_group: 100]
[max_cat_threshold: 32]
[cat_l2: 10]
[cat_smooth: 10]
[max_cat_to_onehot: 4]
[top_k: 20]
[monotone_constraints: ]
[monotone_constraints_method: basic]
[monotone_penalty: 0]
[feature_contri: ]
[forcedsplits_filename: ]
[refit_decay_rate: 0.9]
[cegb_tradeoff: 1]
[cegb_penalty_split: 0]
[cegb_penalty_feature_lazy: ]
[cegb_penalty_feature_coupled: ]
[path_smooth: 0]
[interaction_constraints: ]
[verbosity: -1]
[saved_feature_importance_type: 0]
[use_quantized_grad: 0]
[num_grad_quant_bins: 4]
[quant_train_renew_leaf: 0]
[stochastic_rounding: 1]
[linear_tree: 0]
[max_bin: 473]
[max_bin_by_feature: ]
[min_data_in_bin: 3]
[bin_construct_sample_cnt: 200000]
[data_random_seed: 175]
[is_enable_sparse: 1]
[enable_bundle: 1]
[use_missing: 1]
[zero_as_missing: 0]
[feature_pre_filter: 0]
[pre_partition: 0]
[two_round: 0]
[header: 0]
[label_column: ]
[weight_column: ]
[group_column: ]
[ignore_column: ]
[categorical_feature: ]
[forcedbins_filename: ]
[precise_float_parser: 0]
[parser_config_file: ]
[objective_seed: 16083]
[num_class: 1]
[is_unbalance: 0]
[scale_pos_weight: 1.79279]
[sigmoid: 1]
[boost_from_average: 1]
[reg_sqrt: 0]
[alpha: 0.9]
[fair_c: 1]
[poisson_max_delta_step: 0.7]
[tweedie_variance_power: 1.5]
[lambdarank_truncation_level: 30]
[lambdarank_norm: 1]
[label_gain: ]
[lambdarank_position_bias_regularization: 0]
[eval_at: ]
[multi_error_top_k: 1]
[auc_mu_weights: ]
[num_machines: 1]
[local_listen_port: 12400]
[time_out: 120]
[machine_list_filename: ]
[machines: ]
[gpu_platform_id: -1]
[gpu_device_id: -1]
[gpu_use_dp: 0]
[num_gpu: 1]

end of parameters

pandas_categorical:[]
