tree
version=v4
num_class=1
num_tree_per_iteration=1
label_index=0
max_feature_idx=2
objective=binary sigmoid:1
feature_names=vina_affinity cnn_pose_score cnn_affinity
feature_infos=[-13.336220000000001:-3.95513] [0.1209790483:0.97915929560000003] [2.9937837124:8.5489177703999992]
tree_sizes=858 860 761 860 957 564 761 956 665 760 764 762 860 861 966 762 867 765 966 866 661 664 761 861 764

Tree=0
num_leaves=7
num_cat=0
split_feature=1 2 2 0 1 1
split_gain=44.2257 17.8749 13.7792 12.7598 7.42138 2.92174
threshold=0.77310997245000013 5.0778274536000003 4.3653099537000006 -9.4107299999999992 0.41455177965000006 0.82798203825000016
decision_type=2 2 2 2 2 2
left_child=3 2 -2 -1 -5 -3
right_child=1 5 -4 4 -6 -7
leaf_value=-0.31548415476270042 -0.23325724858975549 -0.20550497749359142 -0.92218602507310354 -0.92218641911005039 -0.62148998195572491 0.022928117041433493
leaf_weight=5.7774192094802848 3.3919041752815273 3.8039853274822226 2.2985431551933289 4.5970863103866604 24.608906924724579 8.6537041962146741
leaf_count=18 10 11 10 20 92 21
internal_value=-0.467715 -0.192537 -0.511537 -0.610468 -0.66882 -0.0468243
internal_weight=53.1315 18.1481 5.69045 34.9834 29.206 12.4577
internal_count=182 52 20 130 112 32
is_linear=0
shrinkage=1


Tree=1
num_leaves=7
num_cat=0
split_feature=1 2 0 0 2 2
split_gain=24.5599 9.48347 7.51582 6.71495 3.76849 0.507517
threshold=0.77310997245000013 5.6589984894000009 -9.4107299999999992 -5.8902099999999988 4.3653099537000006 6.4924468994000017
decision_type=2 2 2 2 2 2
left_child=2 4 -1 -4 -2 -3
right_child=1 5 3 -5 -6 -7
leaf_value=0.19610770627394281 0.25278770755024421 0.44306859781524788 -0.10938624119805011 0.2079015208185763 -0.055138143973128377 0.35006363441230398
leaf_weight=6.1299845874309531 3.6394594907760647 7.1516685485839826 24.804855808615685 3.6053603589534786 3.8701878190040588 4.5187314748764038
leaf_count=18 10 16 100 12 15 11
internal_value=0.0874071 0.284522 -0.0220499 -0.0691212 0.0940942 0.407058
internal_weight=53.7202 19.18 34.5402 28.4102 7.50965 11.6704
internal_count=182 52 130 112 25 27
is_linear=0
shrinkage=0.217239


Tree=2
num_leaves=6
num_cat=0
split_feature=1 2 0 0 2
split_gain=16.9311 8.55913 9.01015 6.61671 0.722654
threshold=0.85188013315000011 5.7718658447000006 -5.8902099999999988 -7.5685499999999992 5.9420847893000017
decision_type=2 2 2 2 2
left_child=1 2 -1 -3 -2
right_child=4 3 -4 -5 -6
leaf_value=-0.15442414675854804 0.23823403611010174 0.16108233700589861 0.17833227202759555 -0.21794227183188089 0.35943375340767625
leaf_weight=17.757305920124054 3.5113157480955106 17.231775298714641 4.8998403549194363 2.4873646050691596 6.8532332479953766
leaf_count=75 10 56 15 10 16
internal_value=0.0694922 0.00861978 -0.0824621 0.113272 0.318374
internal_weight=52.7408 42.3763 22.6571 19.7191 10.3645
internal_count=182 156 90 66 26
is_linear=0
shrinkage=0.217239


Tree=3
num_leaves=7
num_cat=0
split_feature=2 0 1 1 2 0
split_gain=17.0677 7.68305 7.36646 5.06909 2.46711 0.82213
threshold=5.6435632705500005 -9.7717299999999998 0.46824216845000005 0.54955586790000011 5.0778274536000003 -7.2980949999999991
decision_type=2 2 2 2 2 2
left_child=3 -2 -3 5 -5 -1
right_child=1 2 -4 4 -6 -7
leaf_value=-0.14808395724157902 0.36784382870149102 -0.11103289117074379 0.18014692931363324 -0.065288792870704548 0.10241007609872101 -0.3261133641218667
leaf_weight=2.088648796081543 7.9848873764276496 5.0590744167566326 21.63431578874588 11.768384113907816 6.3868781030178061 2.9576704651117351
leaf_count=9 19 21 68 46 22 14
internal_value=0.0843942 0.180886 0.124961 -0.0598276 -0.00629357 -0.252428
internal_weight=57.8799 34.6783 26.6934 23.2016 18.1553 5.04632
internal_count=199 108 89 91 68 23
is_linear=0
shrinkage=0.217239


Tree=4
num_leaves=8
num_cat=0
split_feature=2 1 0 2 1 0 0
split_gain=11.285 8.2999 7.36167 4.55813 3.4626 2.51101 0.0471594
threshold=6.0723032951000002 0.45298276840000001 -8.1815849999999983 5.0778274536000003 0.72485584020000016 -9.7717299999999998 -8.5452699999999986
decision_type=2 2 2 2 2 2 2
left_child=1 6 5 -3 -4 -2 -1
right_child=2 3 4 -5 -6 -7 -8
leaf_value=-0.34058723894069898 0.34008107581765268 -0.072303987747146831 -0.20598935608266269 0.10872094581741353 0.13819540309736261 0.17871797741049747 -0.29315397405948879
leaf_weight=1.8105146884918215 6.7459594011306807 12.671097323298456 3.0462623834609976 13.620131954550741 2.5209509283304214 13.988054305315018 2.1827365309000042
leaf_count=9 17 52 13 45 8 43 12
internal_value=0.0675627 -0.0228465 0.171664 0.0214757 -0.050135 0.231219 -0.31466
internal_weight=56.5857 30.2845 26.3012 26.2912 5.56721 20.734 3.99325
internal_count=199 118 81 97 21 60 21
is_linear=0
shrinkage=0.217239


Tree=5
num_leaves=4
num_cat=0
split_feature=0 1 0
split_gain=7.78479 7.24491 4.19098
threshold=-9.8683449999999979 0.91260454060000018 -7.517574999999999
decision_type=2 2 2
left_child=-1 2 -2
right_child=1 -3 -4
leaf_value=0.28045369904145417 0.048764694935105539 0.27354388831005322 -0.090796653133115524
leaf_weight=6.3726596534252158 27.139319732785221 4.9664404839277259 16.225559622049335
leaf_count=18 98 14 69
internal_value=0.0547673 0.0250097 -0.00345405
internal_weight=54.704 48.3313 43.3649
internal_count=199 181 167
is_linear=0
shrinkage=0.217239


Tree=6
num_leaves=6
num_cat=0
split_feature=1 2 0 0 1
split_gain=9.2935 6.47772 7.20601 4.36301 0.481103
threshold=0.87324559690000014 6.305438756950001 -7.9170199999999991 -8.1815849999999983 0.93618324395000008
decision_type=2 2 2 2 2
left_child=1 2 -1 -3 -2
right_child=4 3 -4 -5 -6
leaf_value=-0.20760909565827954 0.21712695009619573 0.1955245964945059 0.020426193160585023 -0.096760404095393229 0.32934021105266131
leaf_weight=9.7570196092128736 4.0444535762071601 10.294911652803419 19.833687059581283 3.146892547607421 3.2539276480674744
leaf_count=43 14 31 79 13 10
internal_value=0.0404862 0.00204248 -0.0547644 0.127097 0.267157
internal_weight=50.3309 43.0325 29.5907 13.4418 7.29838
internal_count=190 166 122 44 24
is_linear=0
shrinkage=0.217239


Tree=7
num_leaves=8
num_cat=0
split_feature=1 2 2 0 1 1 2
split_gain=7.78912 5.65577 4.05996 7.09557 1.75176 1.07176 0.829413
threshold=0.64866110685000011 5.7536113262000006 6.3356399536500012 -7.6649749999999992 0.57794281845000006 0.78473949430000012 4.3804137706500006
decision_type=2 2 2 2 2 2 2
left_child=1 6 3 -2 -3 -4 -1
right_child=2 4 5 -5 -6 -7 -8
leaf_value=-0.11803146484446538 -0.10904847003308095 0.054222929009530393 0.31556986001971871 0.14785698742206063 -0.14721727571650631 0.15195594499435153 -0.28511373329357048
leaf_weight=1.9937863647937799 7.9137040674686476 9.7613526582717878 4.0791845619678488 14.137052044272423 2.5746658146381369 3.5198171436786652 4.7251219227910042
leaf_count=9 33 36 11 47 10 15 29
internal_value=0.0332029 -0.0751656 0.102848 0.0556572 0.01218 0.239785 -0.235534
internal_weight=48.7047 19.0549 29.6498 22.0508 12.336 7.599 6.71891
internal_count=190 84 106 80 46 26 38
is_linear=0
shrinkage=0.217239


Tree=8
num_leaves=5
num_cat=0
split_feature=1 2 1 1
split_gain=6.48209 4.98275 6.2253 0.442858
threshold=0.87324559690000014 3.8174139261500009 0.78473949430000012 0.91260454060000018
decision_type=2 2 2 2
left_child=1 -1 -3 -2
right_child=3 2 -4 -5
leaf_value=0.24961553632204461 0.17267795233216965 0.0073568670608319302 -0.25109046500521603 0.28876345753906751
leaf_weight=3.3377033025026313 2.9781711995601645 32.851600535213947 5.0782626718282691 3.2363736033439636
leaf_count=9 11 134 23 13
internal_value=0.0262949 -0.00485303 -0.0272455 0.233133
internal_weight=47.4821 41.2676 37.9299 6.21454
internal_count=190 166 157 24
is_linear=0
shrinkage=0.217239


Tree=9
num_leaves=6
num_cat=0
split_feature=1 2 1 1 1
split_gain=5.40393 5.18834 4.8507 0.74693 0.218451
threshold=0.86303946375000018 6.616867065450001 0.54955586790000011 0.8978771269500001 0.43156628315000006
decision_type=2 2 2 2 2
left_child=1 2 -1 -2 -3
right_child=3 4 -4 -5 -6
leaf_value=-0.23327656074367589 0.12174807237120643 0.10931717827140415 -0.021531348300312156 0.27602896911441349 0.19316742854620733
leaf_weight=6.3666163235902777 3.1766891330480567 2.5810445994138709 25.778924524784088 2.7742853462696075 3.3953580260276794
leaf_count=40 12 9 98 13 11
internal_value=0.00114194 -0.0289128 -0.0634688 0.193673 0.156955
internal_weight=44.0729 38.1219 32.1455 5.95097 5.9764
internal_count=183 158 138 25 20
is_linear=0
shrinkage=0.217239


Tree=10
num_leaves=6
num_cat=0
split_feature=0 1 2 1 2
split_gain=5.1507 3.95992 3.63501 2.52304 0.148197
threshold=-9.6300149999999984 0.53922834995000002 6.8364522457000012 0.86303946375000018 6.616867065450001
decision_type=2 2 2 2 2
left_child=4 2 -2 -3 -1
right_child=1 3 -4 -5 -6
leaf_value=0.23609265442129335 -0.28500335501852048 -0.020569583331025675 0.092071824710510647 0.15743150321497421 0.16219933252703303
leaf_weight=2.9124040454626074 4.5741765648126593 26.805825017392639 1.6387169957160947 4.3707179427146903 2.286810114979744
leaf_count=9 35 103 6 18 12
internal_value=0.000996654 -0.0271753 -0.185546 0.00438479 0.203592
internal_weight=42.5887 37.3894 6.21289 31.1765 5.19921
internal_count=183 162 41 121 21
is_linear=0
shrinkage=0.217239


Tree=11
num_leaves=6
num_cat=0
split_feature=0 1 2 2 2
split_gain=3.60618 2.9131 2.87925 2.56598 0.0997059
threshold=-9.6300149999999984 0.53922834995000002 6.8364522457000012 6.6419301033000009 6.616867065450001
decision_type=2 2 2 2 2
left_child=4 2 -2 -3 -1
right_child=1 3 -4 -5 -6
leaf_value=0.20888140368050592 -0.27113304348645284 -0.015715362385467526 0.070686545012386512 0.2069755834510652 0.14475809153629984
leaf_weight=2.612992361187934 3.8475236780941477 28.068882927298549 1.6667228341102598 2.6745394319295874 2.0364885479211807
leaf_count=9 35 112 6 9 12
internal_value=0.000676686 -0.0224207 -0.167815 0.00365771 0.180796
internal_weight=40.9071 36.2577 5.51425 30.7434 4.64948
internal_count=183 162 41 121 21
is_linear=0
shrinkage=0.217239


Tree=12
num_leaves=7
num_cat=0
split_feature=0 1 1 1 1 0
split_gain=4.59337 8.83787 6.97935 4.59165 5.4618 5.05974
threshold=-8.7833249999999978 0.41455177965000006 0.56188619140000007 0.66397389770000015 0.56868791580000011 -7.6649749999999992
decision_type=2 2 2 2 2 2
left_child=1 -1 -3 4 -2 -5
right_child=3 2 -4 5 -6 -7
leaf_value=-0.15526034322568472 0.058778066881095069 0.49951602423163616 0.12512611362770112 -0.078783768975746293 -0.26437153821574744 0.14044572840540087
leaf_weight=3.5491924583911887 4.344243813306095 3.3692429661750776 7.7667282596230507 8.2065028250217456 5.7161505818367004 12.590813428163527
leaf_count=19 33 11 31 35 27 44
internal_value=0.0432495 0.143258 0.2384 -0.00434424 -0.12483 0.0539389
internal_weight=45.5429 14.6852 11.136 30.8577 10.0604 20.7973
internal_count=200 61 42 139 60 79
is_linear=0
shrinkage=0.217239


Tree=13
num_leaves=7
num_cat=0
split_feature=1 1 2 2 2 0
split_gain=2.88491 6.43944 3.88489 2.69808 0.933694 0.487827
threshold=0.39226807655000001 0.51527735590000012 6.6419301033000009 4.121832609150001 6.0911846160500014 -9.0833149999999971
decision_type=2 2 2 2 2 2
left_child=2 4 5 -3 -2 -1
right_child=1 3 -4 -5 -6 -7
leaf_value=-0.45419218311110554 0.36966336808137806 0.17525386837313192 0.08708499699929298 -0.005840080293463893 0.19018164741039462 -0.24523281576300734
leaf_weight=0.998973619192839 2.4265394397079936 4.4422501623630515 1.8502018451690672 30.817368641495705 3.1352846473455429 1.1166787557303899
leaf_count=7 17 14 7 131 10 14
internal_value=0.0340582 0.0512433 -0.142831 0.0169753 0.268487 -0.343901
internal_weight=44.7873 40.8214 3.96585 35.2596 5.56182 2.11565
internal_count=200 172 28 145 27 21
is_linear=0
shrinkage=0.217239


Tree=14
num_leaves=8
num_cat=0
split_feature=0 0 0 1 1 2 1
split_gain=3.01159 4.85024 5.94207 2.69061 3.22108 1.46061 1.16066
threshold=-8.4554999999999989 -7.9481449999999993 -7.5685499999999992 0.41455177965000006 0.56188619140000007 6.6419301033000009 0.57794281845000006
decision_type=2 2 2 2 2 2 2
left_child=3 6 -3 5 -5 -1 -2
right_child=1 2 -4 4 -6 -7 -8
leaf_value=-0.22421526800748356 -0.083029914824536477 0.20639399024708063 -0.050221068030928448 0.31405995199850562 0.077663208890061342 0.041622087898038521 -0.31142312060158195
leaf_weight=1.6332161035388733 1.664953008294108 5.8950191810727164 15.338766805827614 3.5717169418930999 11.409320041537283 2.4216220080852509 2.8433213829994202
leaf_count=14 11 20 73 12 46 9 15
internal_value=0.0260188 -0.0224283 0.0210215 0.0915335 0.134024 -0.0654521 -0.227075
internal_weight=44.7779 25.7421 21.2338 19.0359 14.981 4.05484 4.50827
internal_count=200 119 93 81 58 23 26
is_linear=0
shrinkage=0.217239


Tree=15
num_leaves=6
num_cat=0
split_feature=0 2 2 1 1
split_gain=7.7357 6.72785 5.54129 4.12845 2.39916
threshold=-7.5685499999999992 5.4920306206000005 4.2499518394500013 0.42003330590000004 0.84068086745000015
decision_type=2 2 2 2 2
left_child=1 -1 -2 -3 -4
right_child=2 3 4 -5 -6
leaf_value=-0.23704856018356382 0.086010259934336503 -0.10905038381899239 -0.26722394651899689 0.13987668735196551 -0.00095594388535393568
leaf_weight=3.0876313224434879 3.987013801932334 3.6920992955565479 8.271914850920437 21.189660310745239 1.979056492447852
leaf_count=17 14 24 48 82 8
internal_value=-0.000948348 0.065407 -0.131298 0.102939 -0.215818
internal_weight=42.2074 27.9694 14.238 24.8818 10.251
internal_count=193 123 70 106 56
is_linear=0
shrinkage=0.217239


Tree=16
num_leaves=7
num_cat=0
split_feature=0 2 2 1 0 0
split_gain=5.14227 4.41602 3.93539 3.81057 2.28476 1.12445
threshold=-7.5685499999999992 5.4920306206000005 5.1317124367000009 0.41455177965000006 -5.8902099999999988 -6.8826199999999993
decision_type=2 2 2 2 2 2
left_child=1 -1 4 -3 -2 -4
right_child=2 3 5 -5 -6 -7
leaf_value=-0.20430597202174022 -0.1213350728952473 -0.14592635315545471 -0.17188870982122667 0.11425792515203943 0.11339772475524944 -0.37365665623851652
leaf_weight=2.8354714252054718 4.3210684806108475 3.0316116288304356 3.1183678135275841 21.466533698141575 3.5766631662845594 2.2397823445498943
leaf_count=17 27 21 17 85 12 14
internal_value=-0.00149328 0.0523539 -0.112526 0.0820604 -0.0150309 -0.256231
internal_weight=40.5895 27.3336 13.2559 24.4981 7.89773 5.35815
internal_count=193 123 70 106 39 31
is_linear=0
shrinkage=0.217239


Tree=17
num_leaves=6
num_cat=0
split_feature=0 0 2 2 1
split_gain=3.36507 3.00841 5.87722 2.85049 4.2886
threshold=-7.5685499999999992 -7.7342399999999989 5.4920306206000005 4.2499518394500013 0.86712554100000017
decision_type=2 2 2 2 2
left_child=1 2 -1 -2 -5
right_child=3 -3 -4 4 -6
leaf_value=-0.32765455217565731 0.060024431393502282 0.28308257680849636 0.052577354616990965 -0.23352672529783527 0.17154924689357462
leaf_weight=2.0988425742834833 3.8903716802597037 2.2374797686934498 22.320343485102057 7.1693450845777971 1.4897327721118925
leaf_count=15 14 8 100 51 5
internal_value=-0.00168108 0.0419873 0.0198961 -0.0944385 -0.163836
internal_weight=39.2061 26.6567 24.4192 12.5494 8.65908
internal_count=193 123 115 70 56
is_linear=0
shrinkage=0.217239


Tree=18
num_leaves=8
num_cat=0
split_feature=0 0 0 1 1 2 0
split_gain=4.03177 8.78321 7.39278 5.97083 3.77663 2.50821 0.349981
threshold=-7.7342399999999989 -6.3973899999999988 -8.292844999999998 0.65515315535000018 0.26490825415000002 4.1672968864500008 -7.9481449999999993
decision_type=2 2 2 2 2 2 2
left_child=2 3 4 -2 -1 -3 -4
right_child=1 5 6 -5 -6 -7 -8
leaf_value=-0.31891309932888756 -0.039817980836876814 0.0020554777368852911 -0.26933814669761574 0.34225062176581533 0.058567002670777239 -0.30121116198891956 -0.41163110616607818
leaf_weight=1.3679295163601626 2.6473966389894468 3.8761685490608206 1.9848276637494566 7.1264004185795784 14.609073333442209 1.9267941340804098 1.3850836083292986
leaf_count=10 27 14 16 28 67 15 9
internal_value=0.0308048 0.113066 -0.0354256 0.238761 0.0262476 -0.0986398 -0.327823
internal_weight=34.9237 15.5768 19.3469 9.7738 15.977 5.80296 3.36991
internal_count=186 84 102 55 77 29 25
is_linear=0
shrinkage=0.217239


Tree=19
num_leaves=7
num_cat=0
split_feature=0 0 0 1 1 0
split_gain=2.49699 7.32329 5.3168 2.66067 2.58394 0.292043
threshold=-7.7342399999999989 -7.5685499999999992 -8.292844999999998 0.56188619140000007 0.66397389770000015 -7.8744449999999988
decision_type=2 2 2 2 2 2
left_child=2 -2 3 -1 -3 -4
right_child=1 4 5 -5 -6 -7
leaf_value=0.13453609817622894 0.36387544079635009 -0.15297535362337739 -0.24141747028210442 -0.049245382684630926 0.071396840104184595 -0.38101049682804972
leaf_weight=6.0093775605782858 3.5197531543672076 3.3986318856477729 1.8076848518103363 9.7480955980718118 8.4315146133303625 1.1620253100991274
leaf_count=30 11 37 17 47 36 8
internal_value=0.0238314 0.0887842 -0.0294077 0.0208427 0.00693779 -0.29604
internal_weight=34.0771 15.3499 18.7272 15.7575 11.8301 2.96971
internal_count=186 84 102 77 73 25
is_linear=0
shrinkage=0.217239


Tree=20
num_leaves=5
num_cat=0
split_feature=1 0 0 1
split_gain=2.76489 1.9753 4.39053 1.34094
threshold=0.26490825415000002 -9.3904049999999994 -9.2434349999999981 0.45957687495000005
decision_type=2 2 2 2
left_child=-1 3 -3 -2
right_child=1 2 -4 -5
leaf_value=-0.281028192191349 0.30273207857098455 -0.36109536314287954 0.029399377785522224 0.070545146648356732
leaf_weight=1.3905277159064997 1.8691337592899824 1.4356584399938608 25.387478269636631 3.155675757676363
leaf_count=11 7 6 143 19
internal_value=0.0188232 0.0319152 0.00849881 0.156915
internal_weight=33.2385 31.8479 26.8231 5.02481
internal_count=186 175 149 26
is_linear=0
shrinkage=0.217239


Tree=21
num_leaves=5
num_cat=0
split_feature=1 0 0 0
split_gain=3.33175 3.66671 6.21499 2.06301
threshold=0.33123855295000004 -7.7974549999999994 -8.1125499999999988 -5.7899249999999993
decision_type=2 2 2 2
left_child=-1 2 -2 -3
right_child=1 3 -4 -5
leaf_value=-0.37250593022836964 0.0033787066933814256 -0.14981532034319822 0.42836793221103103 0.04990612512614253
leaf_weight=1.3075625598430658 14.51720628701151 10.24382392130792 1.8284302931278968 3.2042229250073389
leaf_count=17 70 65 12 15
internal_value=-0.0331033 -0.0182078 0.0509183 -0.102228
internal_weight=31.1012 29.7937 16.3456 13.448
internal_count=179 162 82 80
is_linear=0
shrinkage=0.217239


Tree=22
num_leaves=6
num_cat=0
split_feature=1 0 1 1 0
split_gain=2.95418 5.30997 2.69354 2.08862 3.08793
threshold=0.70126622915000014 -6.3973899999999988 0.76921367645000005 0.68048331140000007 -5.7899249999999993
decision_type=2 2 2 2 2
left_child=3 2 -2 4 -1
right_child=1 -3 -4 -5 -6
leaf_value=-0.09226337797544093 0.2478496867097979 -0.19484240956869059 0.029418020068511023 -0.29466903954126472 0.2578244470836602
leaf_weight=13.079169905278833 4.4647408649325353 3.3444553315639487 6.6063592005521059 2.0529156774282447 1.3079167082905794
leaf_count=90 17 17 39 9 7
internal_value=-0.0267425 0.0450409 0.117507 -0.0896865 -0.0604371
internal_weight=30.8556 14.4156 11.0711 16.44 14.3871
internal_count=179 73 56 106 97
is_linear=0
shrinkage=0.217239


Tree=23
num_leaves=7
num_cat=0
split_feature=1 0 0 2 2 0
split_gain=2.19514 4.18056 3.36304 2.67219 3.30941 2.4597
threshold=0.56868791580000011 -8.5115599999999976 -8.9300549999999976 6.3356399536500012 6.1218521595000004 -7.9481449999999993
decision_type=2 2 2 2 2 2
left_child=3 2 -2 4 -1 -3
right_child=1 5 -4 -5 -6 -7
leaf_value=-0.16595139611360904 0.026652551154853231 -0.26919491277459806 0.30670054466236446 -0.29262110473539643 0.22550347197588513 -0.022047571477484883
leaf_weight=2.7435277681797769 5.4517807811498642 2.2352895773947266 3.2183146998286283 2.7933988198637962 1.621635368093848 12.684687385335558
leaf_count=38 30 13 10 15 8 65
internal_value=-0.0213358 0.0106386 0.130606 -0.126704 -0.0205276 -0.0590749
internal_weight=30.7486 23.5901 8.6701 7.15856 4.36516 14.92
internal_count=179 118 40 61 46 78
is_linear=0
shrinkage=0.217239


Tree=24
num_leaves=6
num_cat=0
split_feature=1 1 0 2 2
split_gain=3.04438 4.29193 4.23887 3.10123 2.57541
threshold=0.73789027335000001 0.7760611474500001 -6.5429649999999997 6.1218521595000004 5.4920306206000005
decision_type=2 2 2 2 2
left_child=2 -2 4 -3 -1
right_child=1 3 -4 -5 -6
leaf_value=-0.25918894577789436 -0.36652274256381495 -0.1228859258715288 0.25795907042432098 0.16452229878333191 0.019637521256719779
leaf_weight=1.740377071313566 2.3599676340818396 5.7700551077723485 3.3661274611949947 2.5569155476987362 15.36805883515626
leaf_count=28 14 32 18 20 74
internal_value=-0.0139384 -0.107923 0.0351181 -0.0346329 -0.00872638
internal_weight=31.1615 10.6869 20.4746 8.32697 17.1084
internal_count=186 66 120 52 102
is_linear=0
shrinkage=0.217239


end of trees

feature_importances:
cnn_pose_score=51
vina_affinity=48
cnn_affinity=37

parameters:
[boosting: gbdt]
[objective: binary]
[metric: binary_logloss]
[tree_learner: serial]
[device_type: cpu]
[data_sample_strategy: bagging]
[data: ]
[valid: ]
[num_iterations: 25]
[learning_rate: 0.217239]
[num_leaves: 40]
[num_threads: 8]
[seed: 42]
[deterministic: 1]
[force_col_wise: 0]
[force_row_wise: 1]
[histogram_pool_size: -1]
[max_depth: 3]
[min_data_in_leaf: 10]
[min_sum_hessian_in_leaf: 0.001]
[bagging_fraction: 0.62528]
[pos_bagging_fraction: 1]
[neg_bagging_fraction: 1]
[bagging_freq: 3]
[bagging_seed: 400]
[bagging_by_query: 0]
[feature_fraction: 0.924296]
[feature_fraction_bynode: 1]
[feature_fraction_seed: 30056]
[extra_trees: 0]
[extra_seed: 12879]
[early_stopping_round: 0]
[early_stopping_min_delta: 0]
[first_metric_only: 0]
[max_delta_step: 0]
[lambda_l1: 6.79373e-06]
[lambda_l2: 9.91577e-07]
[linear_lambda: 0]
[min_gain_to_split: 0.0124434]
[drop_rate: 0.1]
[max_drop: 50]
[skip_drop: 0.5]
[xgboost_dart_mode: 0]
[uniform_drop: 0]
[drop_seed: 17869]
[top_rate: 0.2]
[other_rate: 0.1]
[min_data_per_group: 100]
[max_cat_threshold: 32]
[cat_l2: 10]
[cat_smooth: 10]
[max_cat_to_onehot: 4]
[top_k: 20]
[monotone_constraints: ]
[monotone_constraints_method: basic]
[monotone_penalty: 0]
[feature_contri: ]
[forcedsplits_filename: ]
[refit_decay_rate: 0.9]
[cegb_tradeoff: 1]
[cegb_penalty_split: 0]
[cegb_penalty_feature_lazy: ]
[cegb_penalty_feature_coupled: ]
[path_smooth: 0]
[interaction_constraints: ]
[verbosity: -1]
[saved_feature_importance_type: 0]
[use_quantized_grad: 0]
[num_grad_quant_bins: 4]
[quant_train_renew_leaf: 0]
[stochastic_rounding: 1]
[linear_tree: 0]
[max_bin: 182]
[max_bin_by_feature: ]
[min_data_in_bin: 3]
[bin_construct_sample_cnt: 200000]
[data_random_seed: 175]
[is_enable_sparse: 1]
[enable_bundle: 1]
[use_missing: 1]
[zero_as_missing: 0]
[feature_pre_filter: 0]
[pre_partition: 0]
[two_round: 0]
[header: 0]
[label_column: ]
[weight_column: ]
[group_column: ]
[ignore_column: ]
[categorical_feature: ]
[forcedbins_filename: ]
[precise_float_parser: 0]
[parser_config_file: ]
[objective_seed: 16083]
[num_class: 1]
[is_unbalance: 0]
[scale_pos_weight: 1.79279]
[sigmoid: 1]
[boost_from_average: 1]
[reg_sqrt: 0]
[alpha: 0.9]
[fair_c: 1]
[poisson_max_delta_step: 0.7]
[tweedie_variance_power: 1.5]
[lambdarank_truncation_level: 30]
[lambdarank_norm: 1]
[label_gain: ]
[lambdarank_position_bias_regularization: 0]
[eval_at: ]
[multi_error_top_k: 1]
[auc_mu_weights: ]
[num_machines: 1]
[local_listen_port: 12400]
[time_out: 120]
[machine_list_filename: ]
[machines: ]
[gpu_platform_id: -1]
[gpu_device_id: -1]
[gpu_use_dp: 0]
[num_gpu: 1]

end of parameters

pandas_categorical:[]
